project_id,object_id,current_time,init_time,active_time,error_time,pause_time
5,0,5,5,0,0,0
5,0,5,5,0,0,0
5,0,10,5,5,0,0
5,0,10,5,5,0,0
5,0,10,5,5,0,0
5,0,15,5,10,0,0
5,0,15,5,10,0,0
5,0,20,5,15,0,0
5,0,20,5,15,0,0
5,1,25,25,0,0,0
5,1,25,25,0,0,0
5,2,25,25,0,0,0
5,2,25,25,0,0,0
5,3,25,25,0,0,0
5,3,25,25,0,0,0
5,0,25,5,15,0,5
5,0,26,5,15,0,6
5,1,26,25,1,0,0
5,0,26,5,15,0,6
5,0,26,5,15,0,6
5,0,27,5,16,0,6
5,0,27,5,16,0,6
5,1,27,25,2,0,0
5,0,27,5,16,0,6
5,0,31,5,20,0,6
5,0,31,5,20,0,6
5,0,36,5,25,0,6
5,0,36,5,25,0,6
5,4,45,45,0,0,0
5,4,45,45,0,0,0
5,1,45,25,2,0,18
5,0,45,5,25,0,15
5,1,46,25,2,0,19
5,0,46,5,25,0,16
5,4,46,45,1,0,0
5,0,46,5,25,0,16
5,1,46,25,2,0,19
5,1,46,25,2,0,19
5,0,47,5,25,0,17
5,1,47,25,3,0,19
5,0,47,5,25,0,17
5,0,47,5,25,0,17
5,1,48,25,3,0,20
5,4,48,45,3,0,0
5,1,48,25,3,0,20
5,0,48,5,26,0,17
5,1,49,25,4,0,20
5,4,49,45,4,0,0
5,0,49,5,27,0,17
5,1,49,25,4,0,20
5,1,49,25,4,0,20
5,0,49,5,27,0,17
5,0,49,5,27,0,17
5,0,49,5,27,0,17
5,4,50,45,5,0,0
5,4,50,45,5,0,0
5,0,50,5,28,0,17
5,1,50,25,5,0,20
5,0,50,5,28,0,17
5,0,50,5,28,0,17
5,4,51,45,6,0,0
5,1,51,25,5,0,21
5,4,51,45,6,0,0
5,3,51,25,26,0,0
5,1,51,25,5,0,21
5,1,51,25,5,0,21
5,4,51,45,6,0,0
5,0,51,5,29,0,17
5,2,51,25,26,0,0
5,0,51,5,29,0,17
5,4,51,45,6,0,0
5,1,51,25,5,0,21
5,0,51,5,29,0,17
5,0,52,5,30,0,17
5,0,52,5,30,0,17
5,1,52,25,6,0,21
5,4,52,45,7,0,0
5,0,52,5,30,0,17
5,1,52,25,6,0,21
5,0,53,5,30,1,17
5,1,53,25,7,0,21
5,0,53,5,30,1,17
5,0,53,5,30,1,17
5,2,56,25,31,0,0
5,3,56,25,31,0,0
5,4,56,45,7,0,4
5,1,56,25,10,0,21
5,4,56,45,7,0,4
5,4,56,45,7,0,4
5,0,56,5,30,4,17
5,1,56,25,10,0,21
5,0,56,5,30,4,17
5,0,57,5,30,5,17
5,0,57,5,30,5,17
5,1,58,25,12,0,21
5,4,58,45,9,0,4
5,1,58,25,12,0,21
5,0,58,5,31,5,17
5,4,61,45,9,0,7
5,4,61,45,9,0,7
5,3,61,25,36,0,0
5,4,61,45,9,0,7
5,1,61,25,15,0,21
5,2,61,25,36,0,0
5,0,61,5,34,5,17
5,0,61,5,34,5,17
5,1,61,25,15,0,21
5,0,62,5,35,5,17
5,0,62,5,35,5,17
5,0,63,5,36,5,17
5,1,63,25,17,0,21
5,0,63,5,36,5,17
5,0,63,5,36,5,17
5,5,65,65,0,0,0
5,5,65,65,0,0,0
5,6,65,65,0,0,0
5,6,65,65,0,0,0
5,2,65,25,40,0,0
5,4,65,45,13,0,7
5,1,65,25,19,0,21
5,3,65,25,36,0,4
5,0,65,5,38,5,17
5,1,65,25,19,0,21
5,4,65,45,13,0,7
5,4,65,45,13,0,7
5,0,65,5,38,5,17
5,0,65,5,38,5,17
5,1,65,25,19,0,21
5,1,65,25,19,0,21
5,2,66,25,41,0,0
5,4,66,45,13,0,8
5,2,66,25,41,0,0
5,4,66,45,13,0,8
5,1,66,25,20,0,21
5,0,66,5,39,5,17
5,4,66,45,13,0,8
5,1,66,25,20,0,21
5,0,66,5,39,5,17
5,2,66,25,41,0,0
5,0,67,5,40,5,17
5,0,67,5,40,5,17
5,3,67,25,36,0,6
5,3,67,25,36,0,6
5,4,67,45,14,0,8
5,4,67,45,14,0,8
5,3,67,25,36,0,6
5,1,67,25,21,0,21
5,0,67,5,40,5,17
5,1,67,25,21,0,21
5,0,67,5,40,5,17
5,0,68,5,41,5,17
5,2,68,25,43,0,0
5,2,68,25,43,0,0
5,4,68,45,15,0,8
5,0,68,5,41,5,17
5,1,68,25,22,0,21
5,1,68,25,22,0,21
5,0,68,5,41,5,17
5,0,68,5,41,5,17
5,3,69,25,38,0,6
5,3,69,25,38,0,6
5,1,69,25,23,0,21
5,0,69,5,42,5,17
5,4,69,45,16,0,8
5,5,70,65,5,0,0
5,5,70,65,5,0,0
5,6,70,65,5,0,0
5,6,70,65,5,0,0
5,4,70,45,17,0,8
5,1,70,25,24,0,21
5,1,70,25,24,0,21
5,3,70,25,39,0,6
5,1,70,25,24,0,21
5,4,70,45,17,0,8
5,4,70,45,17,0,8
5,1,70,25,24,0,21
5,0,70,5,43,5,17
5,0,70,5,43,5,17
5,0,70,5,43,5,17
5,2,70,25,45,0,0
5,2,71,25,46,0,0
5,4,71,45,17,0,9
5,4,71,45,17,0,9
5,1,71,25,25,0,21
5,0,71,5,44,5,17
5,4,71,45,17,0,9
5,1,71,25,25,0,21
5,0,71,5,44,5,17
5,3,71,25,40,0,6
5,0,72,5,45,5,17
5,0,72,5,45,5,17
5,3,73,25,42,0,6
5,1,73,25,27,0,21
5,0,73,5,46,5,17
5,0,73,5,46,5,17
5,0,73,5,46,5,17
5,4,73,45,19,0,9
5,1,73,25,27,0,21
5,0,73,5,46,5,17
5,3,73,25,42,0,6
5,5,75,65,10,0,0
5,5,75,65,10,0,0
5,6,75,65,10,0,0
5,6,75,65,10,0,0
5,3,75,25,44,0,6
5,1,75,25,29,0,21
5,0,75,5,48,5,17
5,2,75,25,50,0,0
5,1,75,25,29,0,21
5,0,75,5,48,5,17
5,1,75,25,29,0,21
5,4,75,45,21,0,9
5,4,75,45,21,0,9
5,4,75,45,21,0,9
5,1,75,25,29,0,21
5,0,75,5,48,5,17
5,2,76,25,51,0,0
5,3,76,25,45,0,6
5,4,76,45,21,0,10
5,4,76,45,21,0,10
5,1,76,25,30,0,21
5,0,76,5,49,5,17
5,4,76,45,21,0,10
5,1,76,25,30,0,21
5,0,76,5,49,5,17
5,0,77,5,50,5,17
5,0,77,5,50,5,17
5,1,78,25,32,0,21
5,0,78,5,51,5,17
5,0,78,5,51,5,17
5,2,78,25,53,0,0
5,0,78,5,51,5,17
5,4,78,45,23,0,10
5,1,78,25,32,0,21
5,0,78,5,51,5,17
5,2,78,25,53,0,0
5,5,80,65,15,0,0
5,5,80,65,15,0,0
5,6,80,65,15,0,0
5,6,80,65,15,0,0
5,3,80,25,49,0,6
5,1,80,25,34,0,21
5,0,80,5,53,5,17
5,2,80,25,55,0,0
5,1,80,25,34,0,21
5,0,80,5,53,5,17
5,1,80,25,34,0,21
5,4,80,45,25,0,10
5,4,80,45,25,0,10
5,4,80,45,25,0,10
5,1,80,25,34,0,21
5,0,80,5,53,5,17
5,2,81,25,56,0,0
5,3,81,25,50,0,6
5,4,81,45,25,0,11
5,4,81,45,25,0,11
5,1,81,25,35,0,21
5,0,81,5,54,5,17
5,4,81,45,25,0,11
5,1,81,25,35,0,21
5,0,81,5,54,5,17
5,0,82,5,55,5,17
5,0,82,5,55,5,17
5,2,83,25,58,0,0
5,2,83,25,58,0,0
5,4,83,45,27,0,11
5,1,83,25,37,0,21
5,0,83,5,55,6,17
5,0,84,5,55,7,17
5,1,84,25,38,0,21
5,0,84,5,55,7,17
5,0,84,5,55,7,17
5,5,85,65,20,0,0
5,5,85,65,20,0,0
5,6,85,65,20,0,0
5,6,85,65,20,0,0
5,2,85,25,60,0,0
5,3,85,25,54,0,6
5,4,85,45,29,0,11
5,0,85,5,55,8,17
5,1,85,25,39,0,21
5,1,85,25,39,0,21
5,4,85,45,29,0,11
5,0,85,5,55,8,17
5,4,86,45,30,0,11
5,4,86,45,30,0,11
5,4,86,45,30,0,11
5,1,86,25,40,0,21
5,0,86,5,55,9,17
5,1,86,25,40,0,21
5,4,86,45,30,0,11
5,3,86,25,55,0,6
5,4,86,45,30,0,11
5,2,86,25,61,0,0
5,4,86,45,30,0,11
5,1,86,25,40,0,21
5,0,86,5,55,9,17
5,1,86,25,40,0,21
5,0,86,5,55,9,17
5,0,87,5,55,10,17
5,0,87,5,55,10,17
5,3,88,25,57,0,6
5,3,88,25,57,0,6
5,4,88,45,32,0,11
5,1,88,25,42,0,21
5,0,88,5,56,10,17
5,5,90,65,25,0,0
5,5,90,65,25,0,0
5,6,90,65,25,0,0
5,6,90,65,25,0,0
5,2,90,25,65,0,0
5,3,90,25,59,0,6
5,4,90,45,34,0,11
5,1,90,25,44,0,21
5,0,90,5,58,10,17
5,4,90,45,34,0,11
5,1,90,25,44,0,21
5,0,90,5,58,10,17
5,4,91,45,35,0,11
5,4,91,45,35,0,11
5,2,91,25,66,0,0
5,3,91,25,60,0,6
5,4,91,45,35,0,11
5,4,91,45,35,0,11
5,0,91,5,59,10,17
5,1,91,25,45,0,21
5,1,91,25,45,0,21
5,4,91,45,35,0,11
5,0,91,5,59,10,17
5,0,92,5,60,10,17
5,0,92,5,60,10,17
5,1,93,25,47,0,21
5,0,93,5,61,10,17
5,3,93,25,62,0,6
5,3,93,25,62,0,6
5,1,93,25,47,0,21
5,0,93,5,61,10,17
5,0,93,5,61,10,17
5,0,93,5,61,10,17
5,4,93,45,37,0,11
5,5,95,65,25,5,0
5,5,95,65,25,5,0
5,6,95,65,25,5,0
5,6,95,65,25,5,0
5,1,95,25,49,0,21
5,4,95,45,39,0,11
5,1,95,25,49,0,21
5,0,95,5,63,10,17
5,4,96,45,40,0,11
5,4,96,45,40,0,11
5,2,96,25,71,0,0
5,3,96,25,65,0,6
5,4,96,45,40,0,11
5,4,96,45,40,0,11
5,1,96,25,50,0,21
5,0,96,5,64,10,17
5,4,96,45,40,0,11
5,1,96,25,50,0,21
5,0,96,5,64,10,17
5,0,97,5,65,10,17
5,0,97,5,65,10,17
5,1,98,25,52,0,21
5,0,98,5,66,10,17
5,0,98,5,66,10,17
5,2,98,25,73,0,0
5,0,98,5,66,10,17
5,4,98,45,42,0,11
5,1,98,25,52,0,21
5,0,98,5,66,10,17
5,2,98,25,73,0,0
5,5,100,65,30,5,0
5,5,100,65,30,5,0
5,6,100,65,30,5,0
5,6,100,65,30,5,0
5,3,100,25,69,0,6
5,1,100,25,54,0,21
5,4,100,45,44,0,11
5,1,100,25,54,0,21
5,4,100,45,44,0,11
5,2,100,25,75,0,0
5,0,100,5,68,10,17
5,1,100,25,54,0,21
5,4,100,45,44,0,11
5,0,100,5,68,10,17
5,1,100,25,54,0,21
5,0,100,5,68,10,17
5,4,101,45,45,0,11
5,4,101,45,45,0,11
5,4,101,45,45,0,11
5,2,101,25,76,0,0
5,4,101,45,45,0,11
5,3,101,25,70,0,6
5,4,101,45,45,0,11
5,0,101,5,69,10,17
5,0,101,5,69,10,17
5,1,101,25,55,0,21
5,1,101,25,55,0,21
5,0,102,5,70,10,17
5,0,102,5,70,10,17
5,2,103,25,78,0,0
5,0,103,5,71,10,17
5,0,103,5,71,10,17
5,1,103,25,57,0,21
5,0,103,5,71,10,17
5,2,103,25,78,0,0
5,4,103,45,45,2,11
5,1,103,25,57,0,21
5,0,103,5,71,10,17
5,5,105,65,35,5,0
5,5,105,65,35,5,0
5,6,105,65,35,5,0
5,6,105,65,35,5,0
5,3,105,25,74,0,6
5,4,105,45,45,4,11
5,1,105,25,59,0,21
5,0,105,5,73,10,17
5,2,105,25,80,0,0
5,4,105,45,45,4,11
5,4,105,45,45,4,11
5,1,105,25,59,0,21
5,0,105,5,73,10,17
5,1,105,25,59,0,21
5,1,105,25,59,0,21
5,0,105,5,73,10,17
5,4,106,45,45,5,11
5,4,106,45,45,5,11
5,0,107,5,75,10,17
5,0,107,5,75,10,17
5,0,108,5,76,10,17
5,1,108,25,62,0,21
5,0,108,5,76,10,17
5,0,108,5,76,10,17
5,5,110,65,40,5,0
5,5,110,65,40,5,0
5,6,110,65,40,5,0
5,6,110,65,40,5,0
5,1,110,25,64,0,21
5,4,110,45,49,5,11
5,1,110,25,64,0,21
5,0,110,5,78,10,17
5,3,110,25,79,0,6
5,4,110,45,49,5,11
5,4,110,45,49,5,11
5,1,110,25,64,0,21
5,0,110,5,78,10,17
5,2,110,25,85,0,0
5,1,110,25,64,0,21
5,0,110,5,78,10,17
5,4,111,45,49,5,12
5,4,111,45,49,5,12
5,1,111,25,65,0,21
5,0,111,5,79,10,17
5,2,111,25,86,0,0
5,3,111,25,80,0,6
5,4,111,45,49,5,12
5,4,111,45,49,5,12
5,1,111,25,65,0,21
5,0,111,5,79,10,17
5,1,111,25,65,0,21
5,0,111,5,79,10,17
5,0,112,5,80,10,17
5,0,112,5,80,10,17
5,3,113,25,82,0,6
5,4,113,45,51,5,12
5,3,113,25,82,0,6
5,1,113,25,67,0,21
5,0,113,5,80,11,17
5,0,114,5,80,12,17
5,1,114,25,68,0,21
5,0,114,5,80,12,17
5,0,114,5,80,12,17
5,5,115,65,45,5,0
5,5,115,65,45,5,0
5,6,115,65,45,5,0
5,6,115,65,45,5,0
5,2,115,25,90,0,0
5,3,115,25,84,0,6
5,4,115,45,53,5,12
5,0,115,5,80,13,17
5,1,115,25,69,0,21
5,1,115,25,69,0,21
5,4,115,45,53,5,12
5,0,115,5,80,13,17
5,4,116,45,54,5,12
5,4,116,45,54,5,12
5,4,116,45,54,5,12
5,1,116,25,70,0,21
5,0,116,5,80,14,17
5,1,116,25,70,0,21
5,4,116,45,54,5,12
5,3,116,25,85,0,6
5,4,116,45,54,5,12
5,2,116,25,91,0,0
5,4,116,45,54,5,12
5,1,116,25,70,0,21
5,0,116,5,80,14,17
5,1,116,25,70,0,21
5,0,116,5,80,14,17
5,0,117,5,80,15,17
5,0,117,5,80,15,17
5,3,118,25,87,0,6
5,3,118,25,87,0,6
5,4,118,45,56,5,12
5,1,118,25,72,0,21
5,0,118,5,81,15,17
5,5,120,65,50,5,0
5,5,120,65,50,5,0
5,6,120,65,50,5,0
5,6,120,65,50,5,0
5,2,120,25,95,0,0
5,3,120,25,89,0,6
5,4,120,45,58,5,12
5,1,120,25,74,0,21
5,0,120,5,83,15,17
5,4,120,45,58,5,12
5,1,120,25,74,0,21
5,0,120,5,83,15,17
5,4,121,45,59,5,12
5,4,121,45,59,5,12
5,2,121,25,96,0,0
5,3,121,25,90,0,6
5,4,121,45,59,5,12
5,4,121,45,59,5,12
5,1,121,25,75,0,21
5,0,121,5,84,15,17
5,4,121,45,59,5,12
5,1,121,25,75,0,21
5,0,121,5,84,15,17
5,0,122,5,85,15,17
5,0,122,5,85,15,17
5,2,123,25,98,0,0
5,0,123,5,86,15,17
5,0,123,5,86,15,17
5,1,123,25,77,0,21
5,0,123,5,86,15,17
5,2,123,25,98,0,0
5,4,123,45,61,5,12
5,1,123,25,77,0,21
5,0,123,5,86,15,17
5,5,125,65,50,10,0
5,5,125,65,50,10,0
5,6,125,65,50,10,0
5,6,125,65,50,10,0
5,1,125,25,79,0,21
5,4,125,45,63,5,12
5,1,125,25,79,0,21
5,0,125,5,88,15,17
5,4,126,45,64,5,12
5,4,126,45,64,5,12
5,2,126,25,101,0,0
5,3,126,25,95,0,6
5,4,126,45,64,5,12
5,1,126,25,80,0,21
5,0,126,5,89,15,17
5,4,126,45,64,5,12
5,4,126,45,64,5,12
5,1,126,25,80,0,21
5,0,126,5,89,15,17
5,0,127,5,90,15,17
5,0,127,5,90,15,17
5,2,128,25,103,0,0
5,1,128,25,82,0,21
5,0,128,5,91,15,17
5,0,128,5,91,15,17
5,0,128,5,91,15,17
5,4,128,45,66,5,12
5,1,128,25,82,0,21
5,0,128,5,91,15,17
5,2,128,25,103,0,0
5,5,130,65,55,10,0
5,5,130,65,55,10,0
5,6,130,65,55,10,0
5,6,130,65,55,10,0
5,3,130,25,99,0,6
5,4,130,45,68,5,12
5,1,130,25,84,0,21
5,0,130,5,93,15,17
5,2,130,25,105,0,0
5,1,130,25,84,0,21
5,4,130,45,68,5,12
5,1,130,25,84,0,21
5,0,130,5,93,15,17
5,4,130,45,68,5,12
5,1,130,25,84,0,21
5,0,130,5,93,15,17
5,4,131,45,69,5,12
5,4,131,45,69,5,12
5,2,131,25,106,0,0
5,3,131,25,100,0,6
5,4,131,45,69,5,12
5,4,131,45,69,5,12
5,0,131,5,94,15,17
5,1,131,25,85,0,21
5,1,131,25,85,0,21
5,4,131,45,69,5,12
5,0,131,5,94,15,17
5,0,132,5,95,15,17
5,0,132,5,95,15,17
5,1,133,25,87,0,21
5,0,133,5,96,15,17
5,0,133,5,96,15,17
5,3,133,25,102,0,6
5,0,133,5,96,15,17
5,4,133,45,71,5,12
5,1,133,25,87,0,21
5,0,133,5,96,15,17
5,3,133,25,102,0,6
5,5,135,65,60,10,0
5,5,135,65,60,10,0
5,6,135,65,60,10,0
5,6,135,65,60,10,0
5,3,135,25,104,0,6
5,1,135,25,89,0,21
5,0,135,5,98,15,17
5,2,135,25,110,0,0
5,4,135,45,73,5,12
5,4,135,45,73,5,12
5,1,135,25,89,0,21
5,0,135,5,98,15,17
5,1,135,25,89,0,21
5,4,135,45,73,5,12
5,1,135,25,89,0,21
5,0,135,5,98,15,17
5,4,136,45,74,5,12
5,4,136,45,74,5,12
5,2,136,25,111,0,0
5,3,136,25,105,0,6
5,4,136,45,74,5,12
5,4,136,45,74,5,12
5,0,136,5,99,15,17
5,1,136,25,90,0,21
5,1,136,25,90,0,21
5,4,136,45,74,5,12
5,0,136,5,99,15,17
5,0,137,5,100,15,17
5,0,137,5,100,15,17
5,1,138,25,92,0,21
5,0,138,5,101,15,17
5,3,138,25,107,0,6
5,3,138,25,107,0,6
5,4,138,45,74,7,12
5,0,138,5,101,15,17
5,0,138,5,101,15,17
5,1,138,25,92,0,21
5,0,138,5,101,15,17
5,5,140,65,65,10,0
5,5,140,65,65,10,0
5,6,140,65,65,10,0
5,6,140,65,65,10,0
5,4,140,45,74,9,12
5,3,140,25,109,0,6
5,4,140,45,74,9,12
5,1,140,25,94,0,21
5,1,140,25,94,0,21
5,0,140,5,103,15,17
5,1,140,25,94,0,21
5,0,140,5,103,15,17
5,4,140,45,74,9,12
5,2,140,25,115,0,0
5,1,140,25,94,0,21
5,0,140,5,103,15,17
5,4,141,45,74,10,12
5,4,141,45,74,10,12
5,0,142,5,105,15,17
5,0,142,5,105,15,17
5,5,145,65,70,10,0
5,5,145,65,70,10,0
5,6,145,65,70,10,0
5,6,145,65,70,10,0
5,2,145,25,120,0,0
5,4,145,45,78,10,12
5,4,145,45,78,10,12
5,1,145,25,99,0,21
5,0,145,5,105,18,17
5,1,145,25,99,0,21
5,3,145,25,114,0,6
5,0,145,5,105,18,17
5,4,146,45,79,10,12
5,4,146,45,79,10,12
5,0,146,5,105,19,17
5,0,146,5,105,19,17
5,0,146,5,105,19,17
5,1,146,25,100,0,21
5,4,146,45,79,10,12
5,3,146,25,115,0,6
5,1,146,25,100,0,21
5,0,146,5,105,19,17
5,2,146,25,121,0,0
5,4,146,45,79,10,12
5,4,146,45,79,10,12
5,1,146,25,100,0,21
5,0,146,5,105,19,17
5,0,147,5,105,20,17
5,0,147,5,105,20,17
5,1,148,25,102,0,21
5,4,148,45,81,10,12
5,1,148,25,102,0,21
5,0,148,5,106,20,17
5,2,148,25,123,0,0
5,4,148,45,81,10,12
5,2,148,25,123,0,0
5,1,148,25,102,0,21
5,0,148,5,106,20,17
5,5,150,65,75,10,0
5,5,150,65,75,10,0
5,6,150,65,75,10,0
5,6,150,65,75,10,0
5,2,150,25,125,0,0
5,3,150,25,119,0,6
5,4,150,45,83,10,12
5,1,150,25,104,0,21
5,0,150,5,108,20,17
5,4,150,45,83,10,12
5,1,150,25,104,0,21
5,0,150,5,108,20,17
5,4,151,45,84,10,12
5,4,151,45,84,10,12
5,2,151,25,126,0,0
5,3,151,25,120,0,6
5,4,151,45,84,10,12
5,4,151,45,84,10,12
5,1,151,25,105,0,21
5,0,151,5,109,20,17
5,4,151,45,84,10,12
5,1,151,25,105,0,21
5,0,151,5,109,20,17
5,0,152,5,110,20,17
5,0,152,5,110,20,17
5,2,153,25,128,0,0
5,0,153,5,111,20,17
5,0,153,5,111,20,17
5,1,153,25,107,0,21
5,0,153,5,111,20,17
5,2,153,25,128,0,0
5,4,153,45,86,10,12
5,1,153,25,107,0,21
5,0,153,5,111,20,17
5,5,155,65,75,15,0
5,5,155,65,75,15,0
5,6,155,65,75,15,0
5,6,155,65,75,15,0
5,1,155,25,109,0,21
5,4,155,45,88,10,12
5,1,155,25,109,0,21
5,0,155,5,113,20,17
5,4,156,45,89,10,12
5,4,156,45,89,10,12
5,2,156,25,131,0,0
5,3,156,25,125,0,6
5,4,156,45,89,10,12
5,4,156,45,89,10,12
5,0,156,5,114,20,17
5,1,156,25,110,0,21
5,1,156,25,110,0,21
5,4,156,45,89,10,12
5,0,156,5,114,20,17
5,0,157,5,115,20,17
5,0,157,5,115,20,17
5,1,158,25,112,0,21
5,0,158,5,116,20,17
5,0,158,5,116,20,17
5,3,158,25,127,0,6
5,0,158,5,116,20,17
5,4,158,45,91,10,12
5,1,158,25,112,0,21
5,0,158,5,116,20,17
5,3,158,25,127,0,6
5,5,160,65,80,15,0
5,5,160,65,80,15,0
5,6,160,65,80,15,0
5,6,160,65,80,15,0
5,3,160,25,129,0,6
5,4,160,45,93,10,12
5,1,160,25,114,0,21
5,4,160,45,93,10,12
5,1,160,25,114,0,21
5,4,160,45,93,10,12
5,0,160,5,118,20,17
5,1,160,25,114,0,21
5,0,160,5,118,20,17
5,1,160,25,114,0,21
5,0,160,5,118,20,17
5,2,160,25,135,0,0
5,4,161,45,94,10,12
5,4,161,45,94,10,12
5,2,161,25,136,0,0
5,4,161,45,94,10,12
5,1,161,25,115,0,21
5,0,161,5,119,20,17
5,4,161,45,94,10,12
5,4,161,45,94,10,12
5,1,161,25,115,0,21
5,0,161,5,119,20,17
5,3,161,25,130,0,6
5,0,162,5,120,20,17
5,0,162,5,120,20,17
5,3,163,25,132,0,6
5,0,163,5,121,20,17
5,0,163,5,121,20,17
5,1,163,25,117,0,21
5,0,163,5,121,20,17
5,3,163,25,132,0,6
5,4,163,45,96,10,12
5,1,163,25,117,0,21
5,0,163,5,121,20,17
5,5,165,65,85,15,0
5,5,165,65,85,15,0
5,6,165,65,85,15,0
5,6,165,65,85,15,0
5,3,165,25,134,0,6
5,1,165,25,119,0,21
5,0,165,5,123,20,17
5,2,165,25,140,0,0
5,4,165,45,98,10,12
5,4,165,45,98,10,12
5,1,165,25,119,0,21
5,0,165,5,123,20,17
5,1,165,25,119,0,21
5,4,165,45,98,10,12
5,1,165,25,119,0,21
5,0,165,5,123,20,17
5,4,166,45,99,10,12
5,4,166,45,99,10,12
5,2,166,25,141,0,0
5,3,166,25,135,0,6
5,4,166,45,99,10,12
5,1,166,25,120,0,21
5,0,166,5,124,20,17
5,4,166,45,99,10,12
5,1,166,25,120,0,21
5,0,166,5,124,20,17
5,4,166,45,99,10,12
5,0,167,5,125,20,17
5,0,167,5,125,20,17
5,2,168,25,143,0,0
5,0,168,5,126,20,17
5,1,168,25,122,0,21
5,0,168,5,126,20,17
5,0,168,5,126,20,17
5,2,168,25,143,0,0
5,4,168,45,99,12,12
5,1,168,25,122,0,21
5,0,168,5,126,20,17
5,5,170,65,90,15,0
5,5,170,65,90,15,0
5,6,170,65,90,15,0
5,6,170,65,90,15,0
5,4,170,45,99,14,12
5,3,170,25,139,0,6
5,4,170,45,99,14,12
5,1,170,25,124,0,21
5,1,170,25,124,0,21
5,0,170,5,128,20,17
5,1,170,25,124,0,21
5,0,170,5,128,20,17
5,4,170,45,99,14,12
5,2,170,25,145,0,0
5,1,170,25,124,0,21
5,0,170,5,128,20,17
5,4,171,45,99,15,12
5,4,171,45,99,15,12
5,0,172,5,130,20,17
5,0,172,5,130,20,17
5,5,175,65,95,15,0
5,5,175,65,95,15,0
5,6,175,65,95,15,0
5,6,175,65,95,15,0
5,2,175,25,150,0,0
5,4,175,45,103,15,12
5,4,175,45,103,15,12
5,1,175,25,129,0,21
5,0,175,5,130,23,17
5,1,175,25,129,0,21
5,3,175,25,144,0,6
5,0,175,5,130,23,17
5,4,176,45,104,15,12
5,4,176,45,104,15,12
5,0,176,5,130,24,17
5,1,176,25,130,0,21
5,0,176,5,130,24,17
5,0,176,5,130,24,17
5,4,176,45,104,15,12
5,3,176,25,145,0,6
5,1,176,25,130,0,21
5,0,176,5,130,24,17
5,2,176,25,151,0,0
5,4,176,45,104,15,12
5,4,176,45,104,15,12
5,1,176,25,130,0,21
5,0,176,5,130,24,17
5,0,177,5,130,25,17
5,0,177,5,130,25,17
5,1,178,25,132,0,21
5,4,178,45,106,15,12
5,1,178,25,132,0,21
5,0,178,5,131,25,17
5,2,178,25,153,0,0
5,4,178,45,106,15,12
5,2,178,25,153,0,0
5,1,178,25,132,0,21
5,0,178,5,131,25,17
5,5,180,65,100,15,0
5,5,180,65,100,15,0
5,6,180,65,100,15,0
5,6,180,65,100,15,0
5,2,180,25,155,0,0
5,3,180,25,149,0,6
5,4,180,45,108,15,12
5,1,180,25,134,0,21
5,0,180,5,133,25,17
5,4,180,45,108,15,12
5,1,180,25,134,0,21
5,0,180,5,133,25,17
5,4,181,45,109,15,12
5,4,181,45,109,15,12
5,2,181,25,156,0,0
5,3,181,25,150,0,6
5,4,181,45,109,15,12
5,4,181,45,109,15,12
5,0,181,5,134,25,17
5,1,181,25,135,0,21
5,1,181,25,135,0,21
5,4,181,45,109,15,12
5,0,181,5,134,25,17
5,0,182,5,135,25,17
5,0,182,5,135,25,17
5,1,183,25,137,0,21
5,0,183,5,136,25,17
5,3,183,25,152,0,6
5,3,183,25,152,0,6
5,1,183,25,137,0,21
5,0,183,5,136,25,17
5,0,183,5,136,25,17
5,0,183,5,136,25,17
5,4,183,45,111,15,12
5,5,185,65,100,20,0
5,5,185,65,100,20,0
5,6,185,65,100,20,0
5,6,185,65,100,20,0
5,1,185,25,139,0,21
5,4,185,45,113,15,12
5,1,185,25,139,0,21
5,0,185,5,138,25,17
5,4,186,45,114,15,12
5,4,186,45,114,15,12
5,2,186,25,161,0,0
5,4,186,45,114,15,12
5,1,186,25,140,0,21
5,0,186,5,139,25,17
5,4,186,45,114,15,12
5,4,186,45,114,15,12
5,1,186,25,140,0,21
5,0,186,5,139,25,17
5,3,186,25,155,0,6
5,0,187,5,140,25,17
5,0,187,5,140,25,17
5,3,188,25,157,0,6
5,1,188,25,142,0,21
5,0,188,5,141,25,17
5,0,188,5,141,25,17
5,0,188,5,141,25,17
5,4,188,45,116,15,12
5,1,188,25,142,0,21
5,0,188,5,141,25,17
5,3,188,25,157,0,6
5,5,190,65,105,20,0
5,5,190,65,105,20,0
5,6,190,65,105,20,0
5,6,190,65,105,20,0
5,3,190,25,159,0,6
5,4,190,45,118,15,12
5,1,190,25,144,0,21
5,0,190,5,143,25,17
5,2,190,25,165,0,0
5,1,190,25,144,0,21
5,4,190,45,118,15,12
5,1,190,25,144,0,21
5,0,190,5,143,25,17
5,4,190,45,118,15,12
5,1,190,25,144,0,21
5,0,190,5,143,25,17
5,4,191,45,119,15,12
5,4,191,45,119,15,12
5,2,191,25,166,0,0
5,3,191,25,160,0,6
5,4,191,45,119,15,12
5,4,191,45,119,15,12
5,1,191,25,145,0,21
5,0,191,5,144,25,17
5,4,191,45,119,15,12
5,1,191,25,145,0,21
5,0,191,5,144,25,17
5,0,192,5,145,25,17
5,0,192,5,145,25,17
5,1,193,25,147,0,21
5,0,193,5,146,25,17
5,0,193,5,146,25,17
5,2,193,25,168,0,0
5,0,193,5,146,25,17
5,4,193,45,121,15,12
5,1,193,25,147,0,21
5,0,193,5,146,25,17
5,2,193,25,168,0,0
5,5,195,65,110,20,0
5,5,195,65,110,20,0
5,6,195,65,110,20,0
5,6,195,65,110,20,0
5,3,195,25,164,0,6
5,4,195,45,123,15,12
5,1,195,25,149,0,21
5,0,195,5,148,25,17
5,2,195,25,170,0,0
5,4,195,45,123,15,12
5,4,195,45,123,15,12
5,1,195,25,149,0,21
5,0,195,5,148,25,17
5,1,195,25,149,0,21
5,1,195,25,149,0,21
5,0,195,5,148,25,17
5,4,196,45,124,15,12
5,4,196,45,124,15,12
5,2,196,25,171,0,0
5,3,196,25,165,0,6
5,4,196,45,124,15,12
5,1,196,25,150,0,21
5,0,196,5,149,25,17
5,4,196,45,124,15,12
5,1,196,25,150,0,21
5,0,196,5,149,25,17
5,4,196,45,124,15,12
5,0,197,5,150,25,17
5,0,197,5,150,25,17
5,2,198,25,173,0,0
5,0,198,5,151,25,17
5,1,198,25,152,0,21
5,0,198,5,151,25,17
5,0,198,5,151,25,17
5,2,198,25,173,0,0
5,4,198,45,124,17,12
5,1,198,25,152,0,21
5,0,198,5,151,25,17
5,5,200,65,115,20,0
5,5,200,65,115,20,0
5,6,200,65,115,20,0
5,6,200,65,115,20,0
5,4,200,45,124,19,12
5,3,200,25,169,0,6
5,4,200,45,124,19,12
5,1,200,25,154,0,21
5,1,200,25,154,0,21
5,0,200,5,153,25,17
5,1,200,25,154,0,21
5,0,200,5,153,25,17
5,4,200,45,124,19,12
5,2,200,25,175,0,0
5,1,200,25,154,0,21
5,0,200,5,153,25,17
5,4,201,45,124,20,12
5,4,201,45,124,20,12
5,0,202,5,155,25,17
5,0,202,5,155,25,17
5,5,205,65,120,20,0
5,5,205,65,120,20,0
5,6,205,65,120,20,0
5,6,205,65,120,20,0
5,2,205,25,180,0,0
5,4,205,45,128,20,12
5,4,205,45,128,20,12
5,1,205,25,159,0,21
5,0,205,5,155,28,17
5,1,205,25,159,0,21
5,3,205,25,174,0,6
5,0,205,5,155,28,17
5,4,206,45,129,20,12
5,4,206,45,129,20,12
5,0,206,5,155,29,17
5,1,206,25,160,0,21
5,0,206,5,155,29,17
5,0,206,5,155,29,17
5,4,206,45,129,20,12
5,3,206,25,175,0,6
5,1,206,25,160,0,21
5,2,206,25,181,0,0
5,0,206,5,155,29,17
5,4,206,45,129,20,12
5,1,206,25,160,0,21
5,0,206,5,155,29,17
5,4,206,45,129,20,12
5,0,207,5,155,30,17
5,0,207,5,155,30,17
5,1,208,25,162,0,21
5,4,208,45,131,20,12
5,1,208,25,162,0,21
5,0,208,5,156,30,17
5,3,208,25,177,0,6
5,4,208,45,131,20,12
5,3,208,25,177,0,6
5,1,208,25,162,0,21
5,0,208,5,156,30,17
5,5,210,65,125,20,0
5,5,210,65,125,20,0
5,6,210,65,125,20,0
5,6,210,65,125,20,0
5,2,210,25,185,0,0
5,3,210,25,179,0,6
5,4,210,45,133,20,12
5,1,210,25,164,0,21
5,0,210,5,158,30,17
5,4,210,45,133,20,12
5,1,210,25,164,0,21
5,0,210,5,158,30,17
5,4,211,45,134,20,12
5,4,211,45,134,20,12
5,2,211,25,186,0,0
5,3,211,25,180,0,6
5,4,211,45,134,20,12
5,4,211,45,134,20,12
5,0,211,5,159,30,17
5,1,211,25,165,0,21
5,1,211,25,165,0,21
5,4,211,45,134,20,12
5,0,211,5,159,30,17
5,0,212,5,160,30,17
5,0,212,5,160,30,17
5,1,213,25,167,0,21
5,0,213,5,161,30,17
5,3,213,25,182,0,6
5,3,213,25,182,0,6
5,1,213,25,167,0,21
5,0,213,5,161,30,17
5,0,213,5,161,30,17
5,0,213,5,161,30,17
5,4,213,45,136,20,12
5,5,215,65,125,25,0
5,5,215,65,125,25,0
5,6,215,65,125,25,0
5,6,215,65,125,25,0
5,1,215,25,169,0,21
5,4,215,45,138,20,12
5,1,215,25,169,0,21
5,0,215,5,163,30,17
5,4,216,45,139,20,12
5,4,216,45,139,20,12
5,2,216,25,191,0,0
5,3,216,25,185,0,6
5,4,216,45,139,20,12
5,4,216,45,139,20,12
5,1,216,25,170,0,21
5,0,216,5,164,30,17
5,4,216,45,139,20,12
5,1,216,25,170,0,21
5,0,216,5,164,30,17
5,0,217,5,165,30,17
5,0,217,5,165,30,17
5,1,218,25,172,0,21
5,0,218,5,166,30,17
5,0,218,5,166,30,17
5,2,218,25,193,0,0
5,0,218,5,166,30,17
5,4,218,45,141,20,12
5,1,218,25,172,0,21
5,0,218,5,166,30,17
5,2,218,25,193,0,0
5,5,220,65,130,25,0
5,5,220,65,130,25,0
5,6,220,65,130,25,0
5,6,220,65,130,25,0
5,3,220,25,189,0,6
5,1,220,25,174,0,21
5,4,220,45,143,20,12
5,1,220,25,174,0,21
5,4,220,45,143,20,12
5,2,220,25,195,0,0
5,0,220,5,168,30,17
5,1,220,25,174,0,21
5,4,220,45,143,20,12
5,0,220,5,168,30,17
5,1,220,25,174,0,21
5,0,220,5,168,30,17
5,4,221,45,144,20,12
5,4,221,45,144,20,12
5,2,221,25,196,0,0
5,3,221,25,190,0,6
5,4,221,45,144,20,12
5,1,221,25,175,0,21
5,0,221,5,169,30,17
5,4,221,45,144,20,12
5,4,221,45,144,20,12
5,1,221,25,175,0,21
5,0,221,5,169,30,17
5,0,222,5,170,30,17
5,0,222,5,170,30,17
5,2,223,25,198,0,0
5,0,223,5,171,30,17
5,0,223,5,171,30,17
5,1,223,25,177,0,21
5,0,223,5,171,30,17
5,2,223,25,198,0,0
5,4,223,45,146,20,12
5,1,223,25,177,0,21
5,0,223,5,171,30,17
5,5,225,65,135,25,0
5,5,225,65,135,25,0
5,6,225,65,135,25,0
5,6,225,65,135,25,0
5,3,225,25,194,0,6
5,4,225,45,148,20,12
5,1,225,25,179,0,21
5,0,225,5,173,30,17
5,2,225,25,200,0,0
5,4,225,45,148,20,12
5,1,225,25,179,0,21
5,0,225,5,173,30,17
5,1,225,25,179,0,21
5,4,225,45,148,20,12
5,1,225,25,179,0,21
5,0,225,5,173,30,17
5,4,226,45,149,20,12
5,4,226,45,149,20,12
5,2,226,25,201,0,0
5,3,226,25,195,0,6
5,4,226,45,149,20,12
5,4,226,45,149,20,12
5,0,226,5,174,30,17
5,1,226,25,180,0,21
5,1,226,25,180,0,21
5,4,226,45,149,20,12
5,0,226,5,174,30,17
5,0,227,5,175,30,17
5,0,227,5,175,30,17
5,3,228,25,197,0,6
5,0,228,5,176,30,17
5,1,228,25,182,0,21
5,0,228,5,176,30,17
5,0,228,5,176,30,17
5,3,228,25,197,0,6
5,4,228,45,149,22,12
5,1,228,25,182,0,21
5,0,228,5,176,30,17
5,5,230,65,140,25,0
5,5,230,65,140,25,0
5,6,230,65,140,25,0
5,6,230,65,140,25,0
5,4,230,45,149,24,12
5,3,230,25,199,0,6
5,4,230,45,149,24,12
5,1,230,25,184,0,21
5,1,230,25,184,0,21
5,0,230,5,178,30,17
5,1,230,25,184,0,21
5,0,230,5,178,30,17
5,4,230,45,149,24,12
5,2,230,25,205,0,0
5,1,230,25,184,0,21
5,0,230,5,178,30,17
5,4,231,45,149,25,12
5,4,231,45,149,25,12
5,0,232,5,180,30,17
5,0,232,5,180,30,17
5,5,235,65,145,25,0
5,5,235,65,145,25,0
5,6,235,65,145,25,0
5,6,235,65,145,25,0
5,2,235,25,210,0,0
5,4,235,45,153,25,12
5,4,235,45,153,25,12
5,1,235,25,189,0,21
5,0,235,5,180,33,17
5,1,235,25,189,0,21
5,3,235,25,204,0,6
5,0,235,5,180,33,17
5,4,236,45,154,25,12
5,4,236,45,154,25,12
5,0,236,5,180,34,17
5,1,236,25,190,0,21
5,0,236,5,180,34,17
5,0,236,5,180,34,17
5,4,236,45,154,25,12
5,3,236,25,205,0,6
5,1,236,25,190,0,21
5,2,236,25,211,0,0
5,0,236,5,180,34,17
5,4,236,45,154,25,12
5,1,236,25,190,0,21
5,0,236,5,180,34,17
5,4,236,45,154,25,12
5,0,237,5,180,35,17
5,0,237,5,180,35,17
5,1,238,25,192,0,21
5,4,238,45,156,25,12
5,1,238,25,192,0,21
5,0,238,5,181,35,17
5,3,238,25,207,0,6
5,4,238,45,156,25,12
5,3,238,25,207,0,6
5,1,238,25,192,0,21
5,0,238,5,181,35,17
5,5,240,65,150,25,0
5,5,240,65,150,25,0
5,6,240,65,150,25,0
5,6,240,65,150,25,0
5,2,240,25,215,0,0
5,3,240,25,209,0,6
5,4,240,45,158,25,12
5,1,240,25,194,0,21
5,0,240,5,183,35,17
5,4,240,45,158,25,12
5,1,240,25,194,0,21
5,0,240,5,183,35,17
5,4,241,45,159,25,12
5,4,241,45,159,25,12
5,2,241,25,216,0,0
5,3,241,25,210,0,6
5,4,241,45,159,25,12
5,4,241,45,159,25,12
5,1,241,25,195,0,21
5,0,241,5,184,35,17
5,4,241,45,159,25,12
5,1,241,25,195,0,21
5,0,241,5,184,35,17
5,0,242,5,185,35,17
5,0,242,5,185,35,17
5,2,243,25,218,0,0
5,0,243,5,186,35,17
5,0,243,5,186,35,17
5,1,243,25,197,0,21
5,0,243,5,186,35,17
5,2,243,25,218,0,0
5,4,243,45,161,25,12
5,1,243,25,197,0,21
5,0,243,5,186,35,17
5,5,245,65,150,30,0
5,5,245,65,150,30,0
5,6,245,65,150,30,0
5,6,245,65,150,30,0
5,1,245,25,199,0,21
5,4,245,45,163,25,12
5,1,245,25,199,0,21
5,0,245,5,188,35,17
5,4,246,45,164,25,12
5,4,246,45,164,25,12
5,2,246,25,221,0,0
5,3,246,25,215,0,6
5,4,246,45,164,25,12
5,1,246,25,200,0,21
5,0,246,5,189,35,17
5,4,246,45,164,25,12
5,4,246,45,164,25,12
5,1,246,25,200,0,21
5,0,246,5,189,35,17
5,0,247,5,190,35,17
5,0,247,5,190,35,17
5,2,248,25,223,0,0
5,1,248,25,202,0,21
5,0,248,5,191,35,17
5,0,248,5,191,35,17
5,0,248,5,191,35,17
5,4,248,45,166,25,12
5,1,248,25,202,0,21
5,0,248,5,191,35,17
5,2,248,25,223,0,0
5,5,250,65,155,30,0
5,5,250,65,155,30,0
5,6,250,65,155,30,0
5,6,250,65,155,30,0
5,4,250,45,168,25,12
5,1,250,25,204,0,21
5,0,250,5,193,35,17
5,2,250,25,225,0,0
5,4,250,45,168,25,12
5,4,250,45,168,25,12
5,1,250,25,204,0,21
5,0,250,5,193,35,17
5,1,250,25,204,0,21
5,3,250,25,219,0,6
5,1,250,25,204,0,21
5,0,250,5,193,35,17
5,4,251,45,169,25,12
5,4,251,45,169,25,12
5,2,251,25,226,0,0
5,3,251,25,220,0,6
5,4,251,45,169,25,12
5,4,251,45,169,25,12
5,0,251,5,194,35,17
5,1,251,25,205,0,21
5,1,251,25,205,0,21
5,4,251,45,169,25,12
5,0,251,5,194,35,17
5,0,252,5,195,35,17
5,0,252,5,195,35,17
5,1,253,25,207,0,21
5,0,253,5,196,35,17
5,0,253,5,196,35,17
5,3,253,25,222,0,6
5,0,253,5,196,35,17
5,4,253,45,171,25,12
5,1,253,25,207,0,21
5,0,253,5,196,35,17
5,3,253,25,222,0,6
5,5,255,65,160,30,0
5,5,255,65,160,30,0
5,6,255,65,160,30,0
5,6,255,65,160,30,0
5,3,255,25,224,0,6
5,1,255,25,209,0,21
5,0,255,5,198,35,17
5,2,255,25,230,0,0
5,4,255,45,173,25,12
5,4,255,45,173,25,12
5,1,255,25,209,0,21
5,0,255,5,198,35,17
5,1,255,25,209,0,21
5,4,255,45,173,25,12
5,1,255,25,209,0,21
5,0,255,5,198,35,17
5,4,256,45,174,25,12
5,4,256,45,174,25,12
5,2,256,25,231,0,0
5,3,256,25,225,0,6
5,4,256,45,174,25,12
5,4,256,45,174,25,12
5,0,256,5,199,35,17
5,1,256,25,210,0,21
5,1,256,25,210,0,21
5,4,256,45,174,25,12
5,0,256,5,199,35,17
5,0,257,5,200,35,17
5,0,257,5,200,35,17
5,1,258,25,212,0,21
5,0,258,5,201,35,17
5,3,258,25,227,0,6
5,3,258,25,227,0,6
5,4,258,45,174,27,12
5,0,258,5,201,35,17
5,0,258,5,201,35,17
5,1,258,25,212,0,21
5,0,258,5,201,35,17
5,5,260,65,165,30,0
5,5,260,65,165,30,0
5,6,260,65,165,30,0
5,6,260,65,165,30,0
5,4,260,45,174,29,12
5,3,260,25,229,0,6
5,4,260,45,174,29,12
5,1,260,25,214,0,21
5,1,260,25,214,0,21
5,0,260,5,203,35,17
5,1,260,25,214,0,21
5,0,260,5,203,35,17
5,4,260,45,174,29,12
5,2,260,25,235,0,0
5,1,260,25,214,0,21
5,0,260,5,203,35,17
5,4,261,45,174,30,12
5,4,261,45,174,30,12
5,0,262,5,205,35,17
5,0,262,5,205,35,17
5,5,265,65,170,30,0
5,5,265,65,170,30,0
5,6,265,65,170,30,0
5,6,265,65,170,30,0
5,2,265,25,240,0,0
5,4,265,45,178,30,12
5,4,265,45,178,30,12
5,1,265,25,219,0,21
5,0,265,5,205,38,17
5,1,265,25,219,0,21
5,3,265,25,234,0,6
5,0,265,5,205,38,17
5,4,266,45,179,30,12
5,4,266,45,179,30,12
5,0,266,5,205,39,17
5,0,266,5,205,39,17
5,0,266,5,205,39,17
5,1,266,25,220,0,21
5,4,266,45,179,30,12
5,3,266,25,235,0,6
5,1,266,25,220,0,21
5,0,266,5,205,39,17
5,2,266,25,241,0,0
5,4,266,45,179,30,12
5,4,266,45,179,30,12
5,1,266,25,220,0,21
5,0,266,5,205,39,17
5,0,267,5,205,40,17
5,0,267,5,205,40,17
5,1,268,25,222,0,21
5,4,268,45,181,30,12
5,1,268,25,222,0,21
5,0,268,5,206,40,17
5,2,268,25,243,0,0
5,4,268,45,181,30,12
5,2,268,25,243,0,0
5,1,268,25,222,0,21
5,0,268,5,206,40,17
5,5,270,65,175,30,0
5,5,270,65,175,30,0
5,6,270,65,175,30,0
5,6,270,65,175,30,0
5,2,270,25,245,0,0
5,3,270,25,239,0,6
5,4,270,45,183,30,12
5,1,270,25,224,0,21
5,0,270,5,208,40,17
5,4,270,45,183,30,12
5,1,270,25,224,0,21
5,0,270,5,208,40,17
5,4,271,45,184,30,12
5,4,271,45,184,30,12
5,2,271,25,246,0,0
5,3,271,25,240,0,6
5,4,271,45,184,30,12
5,4,271,45,184,30,12
5,1,271,25,225,0,21
5,0,271,5,209,40,17
5,4,271,45,184,30,12
5,1,271,25,225,0,21
5,0,271,5,209,40,17
5,0,272,5,210,40,17
5,0,272,5,210,40,17
5,2,273,25,248,0,0
5,0,273,5,211,40,17
5,0,273,5,211,40,17
5,1,273,25,227,0,21
5,0,273,5,211,40,17
5,2,273,25,248,0,0
5,4,273,45,186,30,12
5,1,273,25,227,0,21
5,0,273,5,211,40,17
5,5,275,65,175,35,0
5,5,275,65,175,35,0
5,6,275,65,175,35,0
5,6,275,65,175,35,0
5,1,275,25,229,0,21
5,4,275,45,188,30,12
5,1,275,25,229,0,21
5,0,275,5,213,40,17
5,4,276,45,189,30,12
5,4,276,45,189,30,12
5,2,276,25,251,0,0
5,3,276,25,245,0,6
5,4,276,45,189,30,12
5,4,276,45,189,30,12
5,0,276,5,214,40,17
5,1,276,25,230,0,21
5,1,276,25,230,0,21
5,4,276,45,189,30,12
5,0,276,5,214,40,17
5,0,277,5,215,40,17
5,0,277,5,215,40,17
5,1,278,25,232,0,21
5,0,278,5,216,40,17
5,0,278,5,216,40,17
5,3,278,25,247,0,6
5,0,278,5,216,40,17
5,4,278,45,191,30,12
5,1,278,25,232,0,21
5,0,278,5,216,40,17
5,3,278,25,247,0,6
5,5,280,65,180,35,0
5,5,280,65,180,35,0
5,6,280,65,180,35,0
5,6,280,65,180,35,0
5,3,280,25,249,0,6
5,4,280,45,193,30,12
5,1,280,25,234,0,21
5,4,280,45,193,30,12
5,1,280,25,234,0,21
5,4,280,45,193,30,12
5,0,280,5,218,40,17
5,1,280,25,234,0,21
5,0,280,5,218,40,17
5,1,280,25,234,0,21
5,0,280,5,218,40,17
5,2,280,25,255,0,0
5,4,281,45,194,30,12
5,4,281,45,194,30,12
5,2,281,25,256,0,0
5,4,281,45,194,30,12
5,1,281,25,235,0,21
5,0,281,5,219,40,17
5,4,281,45,194,30,12
5,4,281,45,194,30,12
5,1,281,25,235,0,21
5,0,281,5,219,40,17
5,3,281,25,250,0,6
5,0,282,5,220,40,17
5,0,282,5,220,40,17
5,3,283,25,252,0,6
5,0,283,5,221,40,17
5,0,283,5,221,40,17
5,1,283,25,237,0,21
5,0,283,5,221,40,17
5,3,283,25,252,0,6
5,4,283,45,196,30,12
5,1,283,25,237,0,21
5,0,283,5,221,40,17
5,5,285,65,185,35,0
5,5,285,65,185,35,0
5,6,285,65,185,35,0
5,6,285,65,185,35,0
5,3,285,25,254,0,6
5,1,285,25,239,0,21
5,0,285,5,223,40,17
5,2,285,25,260,0,0
5,4,285,45,198,30,12
5,4,285,45,198,30,12
5,1,285,25,239,0,21
5,0,285,5,223,40,17
5,1,285,25,239,0,21
5,4,285,45,198,30,12
5,1,285,25,239,0,21
5,0,285,5,223,40,17
5,4,286,45,199,30,12
5,4,286,45,199,30,12
5,2,286,25,261,0,0
5,3,286,25,255,0,6
5,4,286,45,199,30,12
5,1,286,25,240,0,21
5,0,286,5,224,40,17
5,4,286,45,199,30,12
5,1,286,25,240,0,21
5,0,286,5,224,40,17
5,4,286,45,199,30,12
5,0,287,5,225,40,17
5,0,287,5,225,40,17
5,2,288,25,263,0,0
5,0,288,5,226,40,17
5,1,288,25,242,0,21
5,0,288,5,226,40,17
5,0,288,5,226,40,17
5,2,288,25,263,0,0
5,4,288,45,199,32,12
5,1,288,25,242,0,21
5,0,288,5,226,40,17
5,5,290,65,190,35,0
5,5,290,65,190,35,0
5,6,290,65,190,35,0
5,6,290,65,190,35,0
5,4,290,45,199,34,12
5,3,290,25,259,0,6
5,4,290,45,199,34,12
5,1,290,25,244,0,21
5,1,290,25,244,0,21
5,0,290,5,228,40,17
5,1,290,25,244,0,21
5,0,290,5,228,40,17
5,4,290,45,199,34,12
5,2,290,25,265,0,0
5,1,290,25,244,0,21
5,0,290,5,228,40,17
5,4,291,45,199,35,12
5,4,291,45,199,35,12
5,0,292,5,230,40,17
5,0,292,5,230,40,17
5,5,295,65,195,35,0
5,5,295,65,195,35,0
5,6,295,65,195,35,0
5,6,295,65,195,35,0
5,2,295,25,270,0,0
5,4,295,45,203,35,12
5,4,295,45,203,35,12
5,1,295,25,249,0,21
5,0,295,5,230,43,17
5,1,295,25,249,0,21
5,3,295,25,264,0,6
5,0,295,5,230,43,17
5,4,296,45,204,35,12
5,4,296,45,204,35,12
5,0,296,5,230,44,17
5,1,296,25,250,0,21
5,0,296,5,230,44,17
5,0,296,5,230,44,17
5,4,296,45,204,35,12
5,3,296,25,265,0,6
5,1,296,25,250,0,21
5,0,296,5,230,44,17
5,2,296,25,271,0,0
5,4,296,45,204,35,12
5,4,296,45,204,35,12
5,1,296,25,250,0,21
5,0,296,5,230,44,17
5,0,297,5,230,45,17
5,0,297,5,230,45,17
5,1,298,25,252,0,21
5,4,298,45,206,35,12
5,1,298,25,252,0,21
5,0,298,5,231,45,17
5,2,298,25,273,0,0
5,4,298,45,206,35,12
5,2,298,25,273,0,0
5,1,298,25,252,0,21
5,0,298,5,231,45,17
5,5,300,65,200,35,0
5,5,300,65,200,35,0
5,6,300,65,200,35,0
5,6,300,65,200,35,0
5,2,300,25,275,0,0
5,3,300,25,269,0,6
5,4,300,45,208,35,12
5,1,300,25,254,0,21
5,0,300,5,233,45,17
5,4,300,45,208,35,12
5,1,300,25,254,0,21
5,0,300,5,233,45,17
5,4,301,45,209,35,12
5,4,301,45,209,35,12
5,2,301,25,276,0,0
5,3,301,25,270,0,6
5,4,301,45,209,35,12
5,4,301,45,209,35,12
5,0,301,5,234,45,17
5,1,301,25,255,0,21
5,1,301,25,255,0,21
5,4,301,45,209,35,12
5,0,301,5,234,45,17
5,0,302,5,235,45,17
5,0,302,5,235,45,17
5,1,303,25,257,0,21
5,0,303,5,236,45,17
5,3,303,25,272,0,6
5,3,303,25,272,0,6
5,1,303,25,257,0,21
5,0,303,5,236,45,17
5,0,303,5,236,45,17
5,0,303,5,236,45,17
5,4,303,45,211,35,12
5,5,305,65,200,40,0
5,5,305,65,200,40,0
5,6,305,65,200,40,0
5,6,305,65,200,40,0
5,1,305,25,259,0,21
5,4,305,45,213,35,12
5,1,305,25,259,0,21
5,0,305,5,238,45,17
5,4,306,45,214,35,12
5,4,306,45,214,35,12
5,2,306,25,281,0,0
5,4,306,45,214,35,12
5,1,306,25,260,0,21
5,0,306,5,239,45,17
5,4,306,45,214,35,12
5,4,306,45,214,35,12
5,1,306,25,260,0,21
5,0,306,5,239,45,17
5,3,306,25,275,0,6
5,0,307,5,240,45,17
5,0,307,5,240,45,17
5,3,308,25,277,0,6
5,1,308,25,262,0,21
5,0,308,5,241,45,17
5,0,308,5,241,45,17
5,0,308,5,241,45,17
5,4,308,45,216,35,12
5,1,308,25,262,0,21
5,0,308,5,241,45,17
5,3,308,25,277,0,6
5,5,310,65,205,40,0
5,5,310,65,205,40,0
5,6,310,65,205,40,0
5,6,310,65,205,40,0
5,3,310,25,279,0,6
5,4,310,45,218,35,12
5,1,310,25,264,0,21
5,0,310,5,243,45,17
5,2,310,25,285,0,0
5,1,310,25,264,0,21
5,4,310,45,218,35,12
5,1,310,25,264,0,21
5,0,310,5,243,45,17
5,4,310,45,218,35,12
5,1,310,25,264,0,21
5,0,310,5,243,45,17
5,4,311,45,219,35,12
5,4,311,45,219,35,12
5,2,311,25,286,0,0
5,3,311,25,280,0,6
5,4,311,45,219,35,12
5,4,311,45,219,35,12
5,1,311,25,265,0,21
5,0,311,5,244,45,17
5,4,311,45,219,35,12
5,1,311,25,265,0,21
5,0,311,5,244,45,17
5,0,312,5,245,45,17
5,0,312,5,245,45,17
5,1,313,25,267,0,21
5,0,313,5,246,45,17
5,0,313,5,246,45,17
5,2,313,25,288,0,0
5,0,313,5,246,45,17
5,4,313,45,221,35,12
5,1,313,25,267,0,21
5,0,313,5,246,45,17
5,2,313,25,288,0,0
5,5,315,65,210,40,0
5,5,315,65,210,40,0
5,6,315,65,210,40,0
5,6,315,65,210,40,0
5,3,315,25,284,0,6
5,4,315,45,223,35,12
5,1,315,25,269,0,21
5,0,315,5,248,45,17
5,2,315,25,290,0,0
5,4,315,45,223,35,12
5,4,315,45,223,35,12
5,1,315,25,269,0,21
5,0,315,5,248,45,17
5,1,315,25,269,0,21
5,1,315,25,269,0,21
5,0,315,5,248,45,17
5,4,316,45,224,35,12
5,4,316,45,224,35,12
5,2,316,25,291,0,0
5,3,316,25,285,0,6
5,4,316,45,224,35,12
5,1,316,25,270,0,21
5,0,316,5,249,45,17
5,4,316,45,224,35,12
5,1,316,25,270,0,21
5,0,316,5,249,45,17
5,4,316,45,224,35,12
5,0,317,5,250,45,17
5,0,317,5,250,45,17
5,2,318,25,293,0,0
5,0,318,5,251,45,17
5,1,318,25,272,0,21
5,0,318,5,251,45,17
5,0,318,5,251,45,17
5,2,318,25,293,0,0
5,4,318,45,224,37,12
5,1,318,25,272,0,21
5,0,318,5,251,45,17
5,5,320,65,215,40,0
5,5,320,65,215,40,0
5,6,320,65,215,40,0
5,6,320,65,215,40,0
5,4,320,45,224,39,12
5,3,320,25,289,0,6
5,4,320,45,224,39,12
5,1,320,25,274,0,21
5,1,320,25,274,0,21
5,0,320,5,253,45,17
5,1,320,25,274,0,21
5,0,320,5,253,45,17
5,4,320,45,224,39,12
5,2,320,25,295,0,0
5,1,320,25,274,0,21
5,0,320,5,253,45,17
5,4,321,45,224,40,12
5,4,321,45,224,40,12
5,0,322,5,255,45,17
5,0,322,5,255,45,17
5,5,325,65,220,40,0
5,5,325,65,220,40,0
5,6,325,65,220,40,0
5,6,325,65,220,40,0
5,2,325,25,300,0,0
5,4,325,45,228,40,12
5,4,325,45,228,40,12
5,1,325,25,279,0,21
5,0,325,5,255,48,17
5,1,325,25,279,0,21
5,3,325,25,294,0,6
5,0,325,5,255,48,17
5,4,326,45,229,40,12
5,4,326,45,229,40,12
5,0,326,5,255,49,17
5,1,326,25,280,0,21
5,0,326,5,255,49,17
5,0,326,5,255,49,17
5,4,326,45,229,40,12
5,3,326,25,295,0,6
5,1,326,25,280,0,21
5,2,326,25,301,0,0
5,0,326,5,255,49,17
5,4,326,45,229,40,12
5,1,326,25,280,0,21
5,0,326,5,255,49,17
5,4,326,45,229,40,12
5,0,327,5,255,50,17
5,0,327,5,255,50,17
5,1,328,25,282,0,21
5,4,328,45,231,40,12
5,1,328,25,282,0,21
5,0,328,5,256,50,17
5,3,328,25,297,0,6
5,4,328,45,231,40,12
5,3,328,25,297,0,6
5,1,328,25,282,0,21
5,0,328,5,256,50,17
5,5,330,65,225,40,0
5,5,330,65,225,40,0
5,6,330,65,225,40,0
5,6,330,65,225,40,0
5,2,330,25,305,0,0
5,3,330,25,299,0,6
5,4,330,45,233,40,12
5,1,330,25,284,0,21
5,0,330,5,258,50,17
5,4,330,45,233,40,12
5,1,330,25,284,0,21
5,0,330,5,258,50,17
5,4,331,45,234,40,12
5,4,331,45,234,40,12
5,2,331,25,306,0,0
5,3,331,25,300,0,6
5,4,331,45,234,40,12
5,4,331,45,234,40,12
5,0,331,5,259,50,17
5,1,331,25,285,0,21
5,1,331,25,285,0,21
5,4,331,45,234,40,12
5,0,331,5,259,50,17
5,0,332,5,260,50,17
5,0,332,5,260,50,17
5,1,333,25,287,0,21
5,0,333,5,261,50,17
5,3,333,25,302,0,6
5,3,333,25,302,0,6
5,1,333,25,287,0,21
5,0,333,5,261,50,17
5,0,333,5,261,50,17
5,0,333,5,261,50,17
5,4,333,45,236,40,12
5,5,335,65,225,45,0
5,5,335,65,225,45,0
5,6,335,65,225,45,0
5,6,335,65,225,45,0
5,1,335,25,289,0,21
5,4,335,45,238,40,12
5,1,335,25,289,0,21
5,0,335,5,263,50,17
5,4,336,45,239,40,12
5,4,336,45,239,40,12
5,2,336,25,311,0,0
5,3,336,25,305,0,6
5,4,336,45,239,40,12
5,4,336,45,239,40,12
5,1,336,25,290,0,21
5,0,336,5,264,50,17
5,4,336,45,239,40,12
5,1,336,25,290,0,21
5,0,336,5,264,50,17
5,0,337,5,265,50,17
5,0,337,5,265,50,17
5,1,338,25,292,0,21
5,0,338,5,266,50,17
5,0,338,5,266,50,17
5,2,338,25,313,0,0
5,0,338,5,266,50,17
5,4,338,45,241,40,12
5,1,338,25,292,0,21
5,0,338,5,266,50,17
5,2,338,25,313,0,0
5,5,340,65,230,45,0
5,5,340,65,230,45,0
5,6,340,65,230,45,0
5,6,340,65,230,45,0
5,3,340,25,309,0,6
5,1,340,25,294,0,21
5,4,340,45,243,40,12
5,1,340,25,294,0,21
5,4,340,45,243,40,12
5,2,340,25,315,0,0
5,0,340,5,268,50,17
5,1,340,25,294,0,21
5,4,340,45,243,40,12
5,0,340,5,268,50,17
5,1,340,25,294,0,21
5,0,340,5,268,50,17
5,4,341,45,244,40,12
5,4,341,45,244,40,12
5,2,341,25,316,0,0
5,3,341,25,310,0,6
5,4,341,45,244,40,12
5,1,341,25,295,0,21
5,0,341,5,269,50,17
5,4,341,45,244,40,12
5,4,341,45,244,40,12
5,1,341,25,295,0,21
5,0,341,5,269,50,17
5,0,342,5,270,50,17
5,0,342,5,270,50,17
5,2,343,25,318,0,0
5,0,343,5,271,50,17
5,0,343,5,271,50,17
5,1,343,25,297,0,21
5,0,343,5,271,50,17
5,2,343,25,318,0,0
5,4,343,45,246,40,12
5,1,343,25,297,0,21
5,0,343,5,271,50,17
5,5,345,65,235,45,0
5,5,345,65,235,45,0
5,6,345,65,235,45,0
5,6,345,65,235,45,0
5,3,345,25,314,0,6
5,4,345,45,248,40,12
5,1,345,25,299,0,21
5,0,345,5,273,50,17
5,2,345,25,320,0,0
5,4,345,45,248,40,12
5,1,345,25,299,0,21
5,0,345,5,273,50,17
5,1,345,25,299,0,21
5,4,345,45,248,40,12
5,1,345,25,299,0,21
5,0,345,5,273,50,17
5,4,346,45,249,40,12
5,4,346,45,249,40,12
5,2,346,25,321,0,0
5,3,346,25,315,0,6
5,4,346,45,249,40,12
5,4,346,45,249,40,12
5,0,346,5,274,50,17
5,1,346,25,300,0,21
5,1,346,25,300,0,21
5,4,346,45,249,40,12
5,0,346,5,274,50,17
5,0,347,5,275,50,17
5,0,347,5,275,50,17
5,3,348,25,317,0,6
5,0,348,5,276,50,17
5,1,348,25,302,0,21
5,0,348,5,276,50,17
5,0,348,5,276,50,17
5,3,348,25,317,0,6
5,4,348,45,249,42,12
5,1,348,25,302,0,21
5,0,348,5,276,50,17
5,5,350,65,240,45,0
5,5,350,65,240,45,0
5,6,350,65,240,45,0
5,6,350,65,240,45,0
5,4,350,45,249,44,12
5,3,350,25,319,0,6
5,4,350,45,249,44,12
5,1,350,25,304,0,21
5,1,350,25,304,0,21
5,0,350,5,278,50,17
5,1,350,25,304,0,21
5,0,350,5,278,50,17
5,4,350,45,249,44,12
5,2,350,25,325,0,0
5,1,350,25,304,0,21
5,0,350,5,278,50,17
5,4,351,45,249,45,12
5,4,351,45,249,45,12
5,0,352,5,280,50,17
5,0,352,5,280,50,17
5,5,355,65,245,45,0
5,5,355,65,245,45,0
5,6,355,65,245,45,0
5,6,355,65,245,45,0
5,2,355,25,330,0,0
5,4,355,45,253,45,12
5,4,355,45,253,45,12
5,1,355,25,309,0,21
5,0,355,5,280,53,17
5,1,355,25,309,0,21
5,3,355,25,324,0,6
5,0,355,5,280,53,17
5,4,356,45,254,45,12
5,4,356,45,254,45,12
5,0,356,5,280,54,17
5,1,356,25,310,0,21
5,0,356,5,280,54,17
5,0,356,5,280,54,17
5,4,356,45,254,45,12
5,3,356,25,325,0,6
5,1,356,25,310,0,21
5,2,356,25,331,0,0
5,0,356,5,280,54,17
5,4,356,45,254,45,12
5,1,356,25,310,0,21
5,0,356,5,280,54,17
5,4,356,45,254,45,12
5,0,357,5,280,55,17
5,0,357,5,280,55,17
5,1,358,25,312,0,21
5,4,358,45,256,45,12
5,1,358,25,312,0,21
5,0,358,5,281,55,17
5,3,358,25,327,0,6
5,4,358,45,256,45,12
5,3,358,25,327,0,6
5,1,358,25,312,0,21
5,0,358,5,281,55,17
5,5,360,65,250,45,0
5,5,360,65,250,45,0
5,6,360,65,250,45,0
5,6,360,65,250,45,0
5,2,360,25,335,0,0
5,3,360,25,329,0,6
5,4,360,45,258,45,12
5,1,360,25,314,0,21
5,0,360,5,283,55,17
5,4,360,45,258,45,12
5,1,360,25,314,0,21
5,0,360,5,283,55,17
5,4,361,45,259,45,12
5,4,361,45,259,45,12
5,2,361,25,336,0,0
5,3,361,25,330,0,6
5,4,361,45,259,45,12
5,4,361,45,259,45,12
5,1,361,25,315,0,21
5,0,361,5,284,55,17
5,4,361,45,259,45,12
5,1,361,25,315,0,21
5,0,361,5,284,55,17
5,0,362,5,285,55,17
5,0,362,5,285,55,17
5,2,363,25,338,0,0
5,0,363,5,286,55,17
5,0,363,5,286,55,17
5,1,363,25,317,0,21
5,0,363,5,286,55,17
5,2,363,25,338,0,0
5,4,363,45,261,45,12
5,1,363,25,317,0,21
5,0,363,5,286,55,17
5,5,365,65,250,50,0
5,5,365,65,250,50,0
5,6,365,65,250,50,0
5,6,365,65,250,50,0
5,1,365,25,319,0,21
5,4,365,45,263,45,12
5,1,365,25,319,0,21
5,0,365,5,288,55,17
5,4,366,45,264,45,12
5,4,366,45,264,45,12
5,2,366,25,341,0,0
5,3,366,25,335,0,6
5,4,366,45,264,45,12
5,1,366,25,320,0,21
5,0,366,5,289,55,17
5,4,366,45,264,45,12
5,4,366,45,264,45,12
5,1,366,25,320,0,21
5,0,366,5,289,55,17
5,0,367,5,290,55,17
5,0,367,5,290,55,17
5,2,368,25,343,0,0
5,1,368,25,322,0,21
5,0,368,5,291,55,17
5,0,368,5,291,55,17
5,0,368,5,291,55,17
5,4,368,45,266,45,12
5,1,368,25,322,0,21
5,0,368,5,291,55,17
5,2,368,25,343,0,0
5,5,370,65,255,50,0
5,5,370,65,255,50,0
5,6,370,65,255,50,0
5,6,370,65,255,50,0
5,4,370,45,268,45,12
5,1,370,25,324,0,21
5,0,370,5,293,55,17
5,2,370,25,345,0,0
5,4,370,45,268,45,12
5,4,370,45,268,45,12
5,1,370,25,324,0,21
5,0,370,5,293,55,17
5,1,370,25,324,0,21
5,3,370,25,339,0,6
5,1,370,25,324,0,21
5,0,370,5,293,55,17
5,4,371,45,269,45,12
5,4,371,45,269,45,12
5,2,371,25,346,0,0
5,3,371,25,340,0,6
5,4,371,45,269,45,12
5,4,371,45,269,45,12
5,0,371,5,294,55,17
5,1,371,25,325,0,21
5,1,371,25,325,0,21
5,4,371,45,269,45,12
5,0,371,5,294,55,17
5,0,372,5,295,55,17
5,0,372,5,295,55,17
5,1,373,25,327,0,21
5,0,373,5,296,55,17
5,0,373,5,296,55,17
5,3,373,25,342,0,6
5,0,373,5,296,55,17
5,4,373,45,271,45,12
5,1,373,25,327,0,21
5,0,373,5,296,55,17
5,3,373,25,342,0,6
5,5,375,65,260,50,0
5,5,375,65,260,50,0
5,6,375,65,260,50,0
5,6,375,65,260,50,0
5,3,375,25,344,0,6
5,1,375,25,329,0,21
5,0,375,5,298,55,17
5,2,375,25,350,0,0
5,4,375,45,273,45,12
5,4,375,45,273,45,12
5,1,375,25,329,0,21
5,0,375,5,298,55,17
5,1,375,25,329,0,21
5,4,375,45,273,45,12
5,1,375,25,329,0,21
5,0,375,5,298,55,17
5,4,376,45,274,45,12
5,4,376,45,274,45,12
5,2,376,25,351,0,0
5,3,376,25,345,0,6
5,4,376,45,274,45,12
5,4,376,45,274,45,12
5,0,376,5,299,55,17
5,1,376,25,330,0,21
5,1,376,25,330,0,21
5,4,376,45,274,45,12
5,0,376,5,299,55,17
5,0,377,5,300,55,17
5,0,377,5,300,55,17
5,1,378,25,332,0,21
5,0,378,5,301,55,17
5,3,378,25,347,0,6
5,3,378,25,347,0,6
5,4,378,45,274,47,12
5,0,378,5,301,55,17
5,0,378,5,301,55,17
5,1,378,25,332,0,21
5,0,378,5,301,55,17
5,5,380,65,265,50,0
5,5,380,65,265,50,0
5,6,380,65,265,50,0
5,6,380,65,265,50,0
5,4,380,45,274,49,12
5,3,380,25,349,0,6
5,4,380,45,274,49,12
5,1,380,25,334,0,21
5,1,380,25,334,0,21
5,0,380,5,303,55,17
5,1,380,25,334,0,21
5,0,380,5,303,55,17
5,4,380,45,274,49,12
5,2,380,25,355,0,0
5,1,380,25,334,0,21
5,0,380,5,303,55,17
5,4,381,45,274,50,12
5,4,381,45,274,50,12
5,0,382,5,305,55,17
5,0,382,5,305,55,17
5,5,385,65,270,50,0
5,5,385,65,270,50,0
5,6,385,65,270,50,0
5,6,385,65,270,50,0
5,2,385,25,360,0,0
5,4,385,45,278,50,12
5,4,385,45,278,50,12
5,1,385,25,339,0,21
5,0,385,5,305,58,17
5,1,385,25,339,0,21
5,3,385,25,354,0,6
5,0,385,5,305,58,17
5,4,386,45,279,50,12
5,4,386,45,279,50,12
5,0,386,5,305,59,17
5,0,386,5,305,59,17
5,0,386,5,305,59,17
5,1,386,25,340,0,21
5,4,386,45,279,50,12
5,3,386,25,355,0,6
5,1,386,25,340,0,21
5,0,386,5,305,59,17
5,2,386,25,361,0,0
5,4,386,45,279,50,12
5,4,386,45,279,50,12
5,1,386,25,340,0,21
5,0,386,5,305,59,17
5,0,387,5,305,60,17
5,0,387,5,305,60,17
5,1,388,25,342,0,21
5,4,388,45,281,50,12
5,1,388,25,342,0,21
5,0,388,5,306,60,17
5,2,388,25,363,0,0
5,4,388,45,281,50,12
5,2,388,25,363,0,0
5,1,388,25,342,0,21
5,0,388,5,306,60,17
5,5,390,65,275,50,0
5,5,390,65,275,50,0
5,6,390,65,275,50,0
5,6,390,65,275,50,0
5,2,390,25,365,0,0
5,3,390,25,359,0,6
5,4,390,45,283,50,12
5,1,390,25,344,0,21
5,0,390,5,308,60,17
5,4,390,45,283,50,12
5,1,390,25,344,0,21
5,0,390,5,308,60,17
5,4,391,45,284,50,12
5,4,391,45,284,50,12
5,2,391,25,366,0,0
5,3,391,25,360,0,6
5,4,391,45,284,50,12
5,4,391,45,284,50,12
5,1,391,25,345,0,21
5,0,391,5,309,60,17
5,4,391,45,284,50,12
5,1,391,25,345,0,21
5,0,391,5,309,60,17
5,0,392,5,310,60,17
5,0,392,5,310,60,17
5,2,393,25,368,0,0
5,0,393,5,311,60,17
5,0,393,5,311,60,17
5,1,393,25,347,0,21
5,0,393,5,311,60,17
5,2,393,25,368,0,0
5,4,393,45,286,50,12
5,1,393,25,347,0,21
5,0,393,5,311,60,17
5,5,395,65,275,55,0
5,5,395,65,275,55,0
5,6,395,65,275,55,0
5,6,395,65,275,55,0
5,1,395,25,349,0,21
5,4,395,45,288,50,12
5,1,395,25,349,0,21
5,0,395,5,313,60,17
5,4,396,45,289,50,12
5,4,396,45,289,50,12
5,2,396,25,371,0,0
5,3,396,25,365,0,6
5,4,396,45,289,50,12
5,4,396,45,289,50,12
5,0,396,5,314,60,17
5,1,396,25,350,0,21
5,1,396,25,350,0,21
5,4,396,45,289,50,12
5,0,396,5,314,60,17
5,0,397,5,315,60,17
5,0,397,5,315,60,17
5,1,398,25,352,0,21
5,0,398,5,316,60,17
5,0,398,5,316,60,17
5,3,398,25,367,0,6
5,0,398,5,316,60,17
5,4,398,45,291,50,12
5,1,398,25,352,0,21
5,0,398,5,316,60,17
5,3,398,25,367,0,6
5,5,400,65,280,55,0
5,5,400,65,280,55,0
5,6,400,65,280,55,0
5,6,400,65,280,55,0
5,3,400,25,369,0,6
5,4,400,45,293,50,12
5,1,400,25,354,0,21
5,4,400,45,293,50,12
5,1,400,25,354,0,21
5,4,400,45,293,50,12
5,0,400,5,318,60,17
5,1,400,25,354,0,21
5,0,400,5,318,60,17
5,1,400,25,354,0,21
5,0,400,5,318,60,17
5,2,400,25,375,0,0
5,4,401,45,294,50,12
5,4,401,45,294,50,12
5,2,401,25,376,0,0
5,4,401,45,294,50,12
5,1,401,25,355,0,21
5,0,401,5,319,60,17
5,4,401,45,294,50,12
5,4,401,45,294,50,12
5,1,401,25,355,0,21
5,0,401,5,319,60,17
5,3,401,25,370,0,6
5,0,402,5,320,60,17
5,0,402,5,320,60,17
5,3,403,25,372,0,6
5,0,403,5,321,60,17
5,0,403,5,321,60,17
5,1,403,25,357,0,21
5,0,403,5,321,60,17
5,3,403,25,372,0,6
5,4,403,45,296,50,12
5,1,403,25,357,0,21
5,0,403,5,321,60,17
5,5,405,65,285,55,0
5,5,405,65,285,55,0
5,6,405,65,285,55,0
5,6,405,65,285,55,0
5,3,405,25,374,0,6
5,1,405,25,359,0,21
5,0,405,5,323,60,17
5,2,405,25,380,0,0
5,4,405,45,298,50,12
5,4,405,45,298,50,12
5,1,405,25,359,0,21
5,0,405,5,323,60,17
5,1,405,25,359,0,21
5,4,405,45,298,50,12
5,1,405,25,359,0,21
5,0,405,5,323,60,17
5,4,406,45,299,50,12
5,4,406,45,299,50,12
5,2,406,25,381,0,0
5,3,406,25,375,0,6
5,4,406,45,299,50,12
5,1,406,25,360,0,21
5,0,406,5,324,60,17
5,4,406,45,299,50,12
5,1,406,25,360,0,21
5,0,406,5,324,60,17
5,4,406,45,299,50,12
5,0,407,5,325,60,17
5,0,407,5,325,60,17
5,2,408,25,383,0,0
5,0,408,5,326,60,17
5,1,408,25,362,0,21
5,0,408,5,326,60,17
5,0,408,5,326,60,17
5,2,408,25,383,0,0
5,4,408,45,299,52,12
5,1,408,25,362,0,21
5,0,408,5,326,60,17
5,5,410,65,290,55,0
5,5,410,65,290,55,0
5,6,410,65,290,55,0
5,6,410,65,290,55,0
5,4,410,45,299,54,12
5,3,410,25,379,0,6
5,4,410,45,299,54,12
5,1,410,25,364,0,21
5,1,410,25,364,0,21
5,0,410,5,328,60,17
5,1,410,25,364,0,21
5,0,410,5,328,60,17
5,4,410,45,299,54,12
5,2,410,25,385,0,0
5,1,410,25,364,0,21
5,0,410,5,328,60,17
5,4,411,45,299,55,12
5,4,411,45,299,55,12
5,0,412,5,330,60,17
5,0,412,5,330,60,17
5,5,415,65,295,55,0
5,5,415,65,295,55,0
5,6,415,65,295,55,0
5,6,415,65,295,55,0
5,2,415,25,390,0,0
5,4,415,45,303,55,12
5,4,415,45,303,55,12
5,1,415,25,369,0,21
5,0,415,5,330,63,17
5,1,415,25,369,0,21
5,3,415,25,384,0,6
5,0,415,5,330,63,17
5,4,416,45,304,55,12
5,4,416,45,304,55,12
5,0,416,5,330,64,17
5,1,416,25,370,0,21
5,0,416,5,330,64,17
5,0,416,5,330,64,17
5,4,416,45,304,55,12
5,3,416,25,385,0,6
5,1,416,25,370,0,21
5,0,416,5,330,64,17
5,2,416,25,391,0,0
5,4,416,45,304,55,12
5,4,416,45,304,55,12
5,1,416,25,370,0,21
5,0,416,5,330,64,17
5,0,417,5,330,65,17
5,0,417,5,330,65,17
5,1,418,25,372,0,21
5,4,418,45,306,55,12
5,1,418,25,372,0,21
5,0,418,5,331,65,17
5,2,418,25,393,0,0
5,4,418,45,306,55,12
5,2,418,25,393,0,0
5,1,418,25,372,0,21
5,0,418,5,331,65,17
5,5,420,65,300,55,0
5,5,420,65,300,55,0
5,6,420,65,300,55,0
5,6,420,65,300,55,0
5,2,420,25,395,0,0
5,3,420,25,389,0,6
5,4,420,45,308,55,12
5,1,420,25,374,0,21
5,0,420,5,333,65,17
5,4,420,45,308,55,12
5,1,420,25,374,0,21
5,0,420,5,333,65,17
5,4,421,45,309,55,12
5,4,421,45,309,55,12
5,2,421,25,396,0,0
5,3,421,25,390,0,6
5,4,421,45,309,55,12
5,4,421,45,309,55,12
5,0,421,5,334,65,17
5,1,421,25,375,0,21
5,1,421,25,375,0,21
5,4,421,45,309,55,12
5,0,421,5,334,65,17
5,0,422,5,335,65,17
5,0,422,5,335,65,17
5,1,423,25,377,0,21
5,0,423,5,336,65,17
5,3,423,25,392,0,6
5,3,423,25,392,0,6
5,1,423,25,377,0,21
5,0,423,5,336,65,17
5,0,423,5,336,65,17
5,0,423,5,336,65,17
5,4,423,45,311,55,12
5,5,425,65,300,60,0
5,5,425,65,300,60,0
5,6,425,65,300,60,0
5,6,425,65,300,60,0
5,1,425,25,379,0,21
5,4,425,45,313,55,12
5,1,425,25,379,0,21
5,0,425,5,338,65,17
5,4,426,45,314,55,12
5,4,426,45,314,55,12
5,2,426,25,401,0,0
5,4,426,45,314,55,12
5,1,426,25,380,0,21
5,0,426,5,339,65,17
5,4,426,45,314,55,12
5,4,426,45,314,55,12
5,1,426,25,380,0,21
5,0,426,5,339,65,17
5,3,426,25,395,0,6
5,0,427,5,340,65,17
5,0,427,5,340,65,17
5,3,428,25,397,0,6
5,1,428,25,382,0,21
5,0,428,5,341,65,17
5,0,428,5,341,65,17
5,0,428,5,341,65,17
5,4,428,45,316,55,12
5,1,428,25,382,0,21
5,0,428,5,341,65,17
5,3,428,25,397,0,6
5,5,430,65,305,60,0
5,5,430,65,305,60,0
5,6,430,65,305,60,0
5,6,430,65,305,60,0
5,3,430,25,399,0,6
5,4,430,45,318,55,12
5,1,430,25,384,0,21
5,0,430,5,343,65,17
5,2,430,25,405,0,0
5,1,430,25,384,0,21
5,4,430,45,318,55,12
5,1,430,25,384,0,21
5,0,430,5,343,65,17
5,4,430,45,318,55,12
5,1,430,25,384,0,21
5,0,430,5,343,65,17
5,4,431,45,319,55,12
5,4,431,45,319,55,12
5,2,431,25,406,0,0
5,3,431,25,400,0,6
5,4,431,45,319,55,12
5,4,431,45,319,55,12
5,1,431,25,385,0,21
5,0,431,5,344,65,17
5,4,431,45,319,55,12
5,1,431,25,385,0,21
5,0,431,5,344,65,17
5,0,432,5,345,65,17
5,0,432,5,345,65,17
5,1,433,25,387,0,21
5,0,433,5,346,65,17
5,0,433,5,346,65,17
5,2,433,25,408,0,0
5,0,433,5,346,65,17
5,4,433,45,321,55,12
5,1,433,25,387,0,21
5,0,433,5,346,65,17
5,2,433,25,408,0,0
5,5,435,65,310,60,0
5,5,435,65,310,60,0
5,6,435,65,310,60,0
5,6,435,65,310,60,0
5,3,435,25,404,0,6
5,4,435,45,323,55,12
5,1,435,25,389,0,21
5,0,435,5,348,65,17
5,2,435,25,410,0,0
5,4,435,45,323,55,12
5,4,435,45,323,55,12
5,1,435,25,389,0,21
5,0,435,5,348,65,17
5,1,435,25,389,0,21
5,1,435,25,389,0,21
5,0,435,5,348,65,17
5,4,436,45,324,55,12
5,4,436,45,324,55,12
5,2,436,25,411,0,0
5,3,436,25,405,0,6
5,4,436,45,324,55,12
5,1,436,25,390,0,21
5,0,436,5,349,65,17
5,4,436,45,324,55,12
5,1,436,25,390,0,21
5,0,436,5,349,65,17
5,4,436,45,324,55,12
5,0,437,5,350,65,17
5,0,437,5,350,65,17
5,2,438,25,413,0,0
5,0,438,5,351,65,17
5,1,438,25,392,0,21
5,0,438,5,351,65,17
5,0,438,5,351,65,17
5,2,438,25,413,0,0
5,4,438,45,324,57,12
5,1,438,25,392,0,21
5,0,438,5,351,65,17
5,5,440,65,315,60,0
5,5,440,65,315,60,0
5,6,440,65,315,60,0
5,6,440,65,315,60,0
5,4,440,45,324,59,12
5,3,440,25,409,0,6
5,4,440,45,324,59,12
5,1,440,25,394,0,21
5,1,440,25,394,0,21
5,0,440,5,353,65,17
5,1,440,25,394,0,21
5,0,440,5,353,65,17
5,4,440,45,324,59,12
5,2,440,25,415,0,0
5,1,440,25,394,0,21
5,0,440,5,353,65,17
5,4,441,45,324,60,12
5,4,441,45,324,60,12
5,0,442,5,355,65,17
5,0,442,5,355,65,17
5,5,445,65,320,60,0
5,5,445,65,320,60,0
5,6,445,65,320,60,0
5,6,445,65,320,60,0
5,2,445,25,420,0,0
5,4,445,45,328,60,12
5,4,445,45,328,60,12
5,1,445,25,399,0,21
5,0,445,5,355,68,17
5,1,445,25,399,0,21
5,3,445,25,414,0,6
5,0,445,5,355,68,17
5,4,446,45,329,60,12
5,4,446,45,329,60,12
5,0,446,5,355,69,17
5,1,446,25,400,0,21
5,0,446,5,355,69,17
5,0,446,5,355,69,17
5,4,446,45,329,60,12
5,3,446,25,415,0,6
5,1,446,25,400,0,21
5,2,446,25,421,0,0
5,0,446,5,355,69,17
5,4,446,45,329,60,12
5,1,446,25,400,0,21
5,0,446,5,355,69,17
5,4,446,45,329,60,12
5,0,447,5,355,70,17
5,0,447,5,355,70,17
5,1,448,25,402,0,21
5,4,448,45,331,60,12
5,1,448,25,402,0,21
5,0,448,5,356,70,17
5,3,448,25,417,0,6
5,4,448,45,331,60,12
5,3,448,25,417,0,6
5,1,448,25,402,0,21
5,0,448,5,356,70,17
5,5,450,65,325,60,0
5,5,450,65,325,60,0
5,6,450,65,325,60,0
5,6,450,65,325,60,0
5,2,450,25,425,0,0
5,3,450,25,419,0,6
5,4,450,45,333,60,12
5,1,450,25,404,0,21
5,0,450,5,358,70,17
5,4,450,45,333,60,12
5,1,450,25,404,0,21
5,0,450,5,358,70,17
5,4,451,45,334,60,12
5,4,451,45,334,60,12
5,2,451,25,426,0,0
5,3,451,25,420,0,6
5,4,451,45,334,60,12
5,4,451,45,334,60,12
5,0,451,5,359,70,17
5,1,451,25,405,0,21
5,1,451,25,405,0,21
5,4,451,45,334,60,12
5,0,451,5,359,70,17
5,0,452,5,360,70,17
5,0,452,5,360,70,17
5,1,453,25,407,0,21
5,0,453,5,361,70,17
5,3,453,25,422,0,6
5,3,453,25,422,0,6
5,1,453,25,407,0,21
5,0,453,5,361,70,17
5,0,453,5,361,70,17
5,0,453,5,361,70,17
5,4,453,45,336,60,12
5,5,455,65,325,65,0
5,5,455,65,325,65,0
5,6,455,65,325,65,0
5,6,455,65,325,65,0
5,1,455,25,409,0,21
5,4,455,45,338,60,12
5,1,455,25,409,0,21
5,0,455,5,363,70,17
5,4,456,45,339,60,12
5,4,456,45,339,60,12
5,2,456,25,431,0,0
5,3,456,25,425,0,6
5,4,456,45,339,60,12
5,4,456,45,339,60,12
5,1,456,25,410,0,21
5,0,456,5,364,70,17
5,4,456,45,339,60,12
5,1,456,25,410,0,21
5,0,456,5,364,70,17
5,0,457,5,365,70,17
5,0,457,5,365,70,17
5,1,458,25,412,0,21
5,0,458,5,366,70,17
5,0,458,5,366,70,17
5,2,458,25,433,0,0
5,0,458,5,366,70,17
5,4,458,45,341,60,12
5,1,458,25,412,0,21
5,0,458,5,366,70,17
5,2,458,25,433,0,0
5,5,460,65,330,65,0
5,5,460,65,330,65,0
5,6,460,65,330,65,0
5,6,460,65,330,65,0
5,3,460,25,429,0,6
5,1,460,25,414,0,21
5,4,460,45,343,60,12
5,1,460,25,414,0,21
5,4,460,45,343,60,12
5,2,460,25,435,0,0
5,0,460,5,368,70,17
5,1,460,25,414,0,21
5,4,460,45,343,60,12
5,0,460,5,368,70,17
5,1,460,25,414,0,21
5,0,460,5,368,70,17
5,4,461,45,344,60,12
5,4,461,45,344,60,12
5,2,461,25,436,0,0
5,3,461,25,430,0,6
5,4,461,45,344,60,12
5,1,461,25,415,0,21
5,0,461,5,369,70,17
5,4,461,45,344,60,12
5,4,461,45,344,60,12
5,1,461,25,415,0,21
5,0,461,5,369,70,17
5,0,462,5,370,70,17
5,0,462,5,370,70,17
5,2,463,25,438,0,0
5,0,463,5,371,70,17
5,0,463,5,371,70,17
5,1,463,25,417,0,21
5,0,463,5,371,70,17
5,2,463,25,438,0,0
5,4,463,45,346,60,12
5,1,463,25,417,0,21
5,0,463,5,371,70,17
5,5,465,65,335,65,0
5,5,465,65,335,65,0
5,6,465,65,335,65,0
5,6,465,65,335,65,0
5,3,465,25,434,0,6
5,4,465,45,348,60,12
5,1,465,25,419,0,21
5,0,465,5,373,70,17
5,2,465,25,440,0,0
5,4,465,45,348,60,12
5,1,465,25,419,0,21
5,0,465,5,373,70,17
5,1,465,25,419,0,21
5,4,465,45,348,60,12
5,1,465,25,419,0,21
5,0,465,5,373,70,17
5,4,466,45,349,60,12
5,4,466,45,349,60,12
5,2,466,25,441,0,0
5,3,466,25,435,0,6
5,4,466,45,349,60,12
5,4,466,45,349,60,12
5,0,466,5,374,70,17
5,1,466,25,420,0,21
5,1,466,25,420,0,21
5,4,466,45,349,60,12
5,0,466,5,374,70,17
5,0,467,5,375,70,17
5,0,467,5,375,70,17
5,3,468,25,437,0,6
5,0,468,5,376,70,17
5,1,468,25,422,0,21
5,0,468,5,376,70,17
5,0,468,5,376,70,17
5,3,468,25,437,0,6
5,4,468,45,349,62,12
5,1,468,25,422,0,21
5,0,468,5,376,70,17
5,5,470,65,340,65,0
5,5,470,65,340,65,0
5,6,470,65,340,65,0
5,6,470,65,340,65,0
5,4,470,45,349,64,12
5,3,470,25,439,0,6
5,4,470,45,349,64,12
5,1,470,25,424,0,21
5,1,470,25,424,0,21
5,0,470,5,378,70,17
5,1,470,25,424,0,21
5,0,470,5,378,70,17
5,4,470,45,349,64,12
5,2,470,25,445,0,0
5,1,470,25,424,0,21
5,0,470,5,378,70,17
5,4,471,45,349,65,12
5,4,471,45,349,65,12
5,0,472,5,380,70,17
5,0,472,5,380,70,17
5,5,475,65,345,65,0
5,5,475,65,345,65,0
5,6,475,65,345,65,0
5,6,475,65,345,65,0
5,2,475,25,450,0,0
5,4,475,45,353,65,12
5,4,475,45,353,65,12
5,1,475,25,429,0,21
5,0,475,5,380,73,17
5,1,475,25,429,0,21
5,3,475,25,444,0,6
5,0,475,5,380,73,17
5,4,476,45,354,65,12
5,4,476,45,354,65,12
5,0,476,5,380,74,17
5,1,476,25,430,0,21
5,0,476,5,380,74,17
5,0,476,5,380,74,17
5,4,476,45,354,65,12
5,3,476,25,445,0,6
5,1,476,25,430,0,21
5,2,476,25,451,0,0
5,0,476,5,380,74,17
5,4,476,45,354,65,12
5,1,476,25,430,0,21
5,0,476,5,380,74,17
5,4,476,45,354,65,12
5,0,477,5,380,75,17
5,0,477,5,380,75,17
5,1,478,25,432,0,21
5,4,478,45,356,65,12
5,1,478,25,432,0,21
5,0,478,5,381,75,17
5,3,478,25,447,0,6
5,4,478,45,356,65,12
5,3,478,25,447,0,6
5,1,478,25,432,0,21
5,0,478,5,381,75,17
5,5,480,65,350,65,0
5,5,480,65,350,65,0
5,6,480,65,350,65,0
5,6,480,65,350,65,0
5,2,480,25,455,0,0
5,3,480,25,449,0,6
5,4,480,45,358,65,12
5,1,480,25,434,0,21
5,0,480,5,383,75,17
5,4,480,45,358,65,12
5,1,480,25,434,0,21
5,0,480,5,383,75,17
5,4,481,45,359,65,12
5,4,481,45,359,65,12
5,2,481,25,456,0,0
5,3,481,25,450,0,6
5,4,481,45,359,65,12
5,4,481,45,359,65,12
5,1,481,25,435,0,21
5,0,481,5,384,75,17
5,4,481,45,359,65,12
5,1,481,25,435,0,21
5,0,481,5,384,75,17
5,0,482,5,385,75,17
5,0,482,5,385,75,17
5,2,483,25,458,0,0
5,0,483,5,386,75,17
5,0,483,5,386,75,17
5,1,483,25,437,0,21
5,0,483,5,386,75,17
5,2,483,25,458,0,0
5,4,483,45,361,65,12
5,1,483,25,437,0,21
5,0,483,5,386,75,17
5,5,485,65,350,70,0
5,5,485,65,350,70,0
5,6,485,65,350,70,0
5,6,485,65,350,70,0
5,1,485,25,439,0,21
5,4,485,45,363,65,12
5,1,485,25,439,0,21
5,0,485,5,388,75,17
5,4,486,45,364,65,12
5,4,486,45,364,65,12
5,2,486,25,461,0,0
5,3,486,25,455,0,6
5,4,486,45,364,65,12
5,1,486,25,440,0,21
5,0,486,5,389,75,17
5,4,486,45,364,65,12
5,4,486,45,364,65,12
5,1,486,25,440,0,21
5,0,486,5,389,75,17
5,0,487,5,390,75,17
5,0,487,5,390,75,17
5,2,488,25,463,0,0
5,1,488,25,442,0,21
5,0,488,5,391,75,17
5,0,488,5,391,75,17
5,0,488,5,391,75,17
5,4,488,45,366,65,12
5,1,488,25,442,0,21
5,0,488,5,391,75,17
5,2,488,25,463,0,0
5,5,490,65,355,70,0
5,5,490,65,355,70,0
5,6,490,65,355,70,0
5,6,490,65,355,70,0
5,4,490,45,368,65,12
5,1,490,25,444,0,21
5,0,490,5,393,75,17
5,2,490,25,465,0,0
5,4,490,45,368,65,12
5,4,490,45,368,65,12
5,1,490,25,444,0,21
5,0,490,5,393,75,17
5,1,490,25,444,0,21
5,3,490,25,459,0,6
5,1,490,25,444,0,21
5,0,490,5,393,75,17
5,4,491,45,369,65,12
5,4,491,45,369,65,12
5,2,491,25,466,0,0
5,3,491,25,460,0,6
5,4,491,45,369,65,12
5,4,491,45,369,65,12
5,0,491,5,394,75,17
5,1,491,25,445,0,21
5,1,491,25,445,0,21
5,4,491,45,369,65,12
5,0,491,5,394,75,17
5,0,492,5,395,75,17
5,0,492,5,395,75,17
5,1,493,25,447,0,21
5,0,493,5,396,75,17
5,0,493,5,396,75,17
5,3,493,25,462,0,6
5,0,493,5,396,75,17
5,4,493,45,371,65,12
5,1,493,25,447,0,21
5,0,493,5,396,75,17
5,3,493,25,462,0,6
5,5,495,65,360,70,0
5,5,495,65,360,70,0
5,6,495,65,360,70,0
5,6,495,65,360,70,0
5,3,495,25,464,0,6
5,1,495,25,449,0,21
5,0,495,5,398,75,17
5,2,495,25,470,0,0
5,4,495,45,373,65,12
5,4,495,45,373,65,12
5,1,495,25,449,0,21
5,0,495,5,398,75,17
5,1,495,25,449,0,21
5,4,495,45,373,65,12
5,1,495,25,449,0,21
5,0,495,5,398,75,17
5,4,496,45,374,65,12
5,4,496,45,374,65,12
5,2,496,25,471,0,0
5,3,496,25,465,0,6
5,4,496,45,374,65,12
5,4,496,45,374,65,12
5,0,496,5,399,75,17
5,1,496,25,450,0,21
5,1,496,25,450,0,21
5,4,496,45,374,65,12
5,0,496,5,399,75,17
5,0,497,5,400,75,17
5,0,497,5,400,75,17
5,1,498,25,452,0,21
5,0,498,5,401,75,17
5,3,498,25,467,0,6
5,3,498,25,467,0,6
5,4,498,45,374,67,12
5,0,498,5,401,75,17
5,0,498,5,401,75,17
5,1,498,25,452,0,21
5,0,498,5,401,75,17
5,5,500,65,365,70,0
5,5,500,65,365,70,0
5,6,500,65,365,70,0
5,6,500,65,365,70,0
5,4,500,45,374,69,12
5,3,500,25,469,0,6
5,4,500,45,374,69,12
5,1,500,25,454,0,21
5,1,500,25,454,0,21
5,0,500,5,403,75,17
5,1,500,25,454,0,21
5,0,500,5,403,75,17
5,4,500,45,374,69,12
5,2,500,25,475,0,0
5,1,500,25,454,0,21
5,0,500,5,403,75,17
5,4,501,45,374,70,12
5,4,501,45,374,70,12
5,0,502,5,405,75,17
5,0,502,5,405,75,17
5,5,505,65,370,70,0
5,5,505,65,370,70,0
5,6,505,65,370,70,0
5,6,505,65,370,70,0
5,2,505,25,480,0,0
5,4,505,45,378,70,12
5,4,505,45,378,70,12
5,1,505,25,459,0,21
5,0,505,5,405,78,17
5,1,505,25,459,0,21
5,3,505,25,474,0,6
5,0,505,5,405,78,17
5,4,506,45,379,70,12
5,4,506,45,379,70,12
5,0,506,5,405,79,17
5,0,506,5,405,79,17
5,0,506,5,405,79,17
5,1,506,25,460,0,21
5,4,506,45,379,70,12
5,3,506,25,475,0,6
5,1,506,25,460,0,21
5,0,506,5,405,79,17
5,2,506,25,481,0,0
5,4,506,45,379,70,12
5,4,506,45,379,70,12
5,1,506,25,460,0,21
5,0,506,5,405,79,17
5,0,507,5,405,80,17
5,0,507,5,405,80,17
5,1,508,25,462,0,21
5,4,508,45,381,70,12
5,1,508,25,462,0,21
5,0,508,5,406,80,17
5,2,508,25,483,0,0
5,4,508,45,381,70,12
5,2,508,25,483,0,0
5,1,508,25,462,0,21
5,0,508,5,406,80,17
5,5,510,65,375,70,0
5,5,510,65,375,70,0
5,6,510,65,375,70,0
5,6,510,65,375,70,0
5,2,510,25,485,0,0
5,3,510,25,479,0,6
5,4,510,45,383,70,12
5,1,510,25,464,0,21
5,0,510,5,408,80,17
5,4,510,45,383,70,12
5,1,510,25,464,0,21
5,0,510,5,408,80,17
5,4,511,45,384,70,12
5,4,511,45,384,70,12
5,2,511,25,486,0,0
5,3,511,25,480,0,6
5,4,511,45,384,70,12
5,4,511,45,384,70,12
5,1,511,25,465,0,21
5,0,511,5,409,80,17
5,4,511,45,384,70,12
5,1,511,25,465,0,21
5,0,511,5,409,80,17
5,0,512,5,410,80,17
5,0,512,5,410,80,17
5,2,513,25,488,0,0
5,0,513,5,411,80,17
5,0,513,5,411,80,17
5,1,513,25,467,0,21
5,0,513,5,411,80,17
5,2,513,25,488,0,0
5,4,513,45,386,70,12
5,1,513,25,467,0,21
5,0,513,5,411,80,17
5,5,515,65,375,75,0
5,5,515,65,375,75,0
5,6,515,65,375,75,0
5,6,515,65,375,75,0
5,1,515,25,469,0,21
5,4,515,45,388,70,12
5,1,515,25,469,0,21
5,0,515,5,413,80,17
5,4,516,45,389,70,12
5,4,516,45,389,70,12
5,2,516,25,491,0,0
5,3,516,25,485,0,6
5,4,516,45,389,70,12
5,4,516,45,389,70,12
5,0,516,5,414,80,17
5,1,516,25,470,0,21
5,1,516,25,470,0,21
5,4,516,45,389,70,12
5,0,516,5,414,80,17
5,0,517,5,415,80,17
5,0,517,5,415,80,17
5,1,518,25,472,0,21
5,0,518,5,416,80,17
5,0,518,5,416,80,17
5,3,518,25,487,0,6
5,0,518,5,416,80,17
5,4,518,45,391,70,12
5,1,518,25,472,0,21
5,0,518,5,416,80,17
5,3,518,25,487,0,6
5,5,520,65,380,75,0
5,5,520,65,380,75,0
5,6,520,65,380,75,0
5,6,520,65,380,75,0
5,3,520,25,489,0,6
5,4,520,45,393,70,12
5,1,520,25,474,0,21
5,4,520,45,393,70,12
5,1,520,25,474,0,21
5,4,520,45,393,70,12
5,0,520,5,418,80,17
5,1,520,25,474,0,21
5,0,520,5,418,80,17
5,1,520,25,474,0,21
5,0,520,5,418,80,17
5,2,520,25,495,0,0
5,4,521,45,394,70,12
5,4,521,45,394,70,12
5,2,521,25,496,0,0
5,4,521,45,394,70,12
5,1,521,25,475,0,21
5,0,521,5,419,80,17
5,4,521,45,394,70,12
5,4,521,45,394,70,12
5,1,521,25,475,0,21
5,0,521,5,419,80,17
5,3,521,25,490,0,6
5,0,522,5,420,80,17
5,0,522,5,420,80,17
5,3,523,25,492,0,6
5,0,523,5,421,80,17
5,0,523,5,421,80,17
5,1,523,25,477,0,21
5,0,523,5,421,80,17
5,3,523,25,492,0,6
5,4,523,45,396,70,12
5,1,523,25,477,0,21
5,0,523,5,421,80,17
5,5,525,65,385,75,0
5,5,525,65,385,75,0
5,6,525,65,385,75,0
5,6,525,65,385,75,0
5,3,525,25,494,0,6
5,1,525,25,479,0,21
5,0,525,5,423,80,17
5,2,525,25,500,0,0
5,4,525,45,398,70,12
5,4,525,45,398,70,12
5,1,525,25,479,0,21
5,0,525,5,423,80,17
5,1,525,25,479,0,21
5,4,525,45,398,70,12
5,1,525,25,479,0,21
5,0,525,5,423,80,17
5,4,526,45,399,70,12
5,4,526,45,399,70,12
5,2,526,25,501,0,0
5,3,526,25,495,0,6
5,4,526,45,399,70,12
5,1,526,25,480,0,21
5,0,526,5,424,80,17
5,4,526,45,399,70,12
5,1,526,25,480,0,21
5,0,526,5,424,80,17
5,4,526,45,399,70,12
5,0,527,5,425,80,17
5,0,527,5,425,80,17
5,2,528,25,503,0,0
5,0,528,5,426,80,17
5,1,528,25,482,0,21
5,0,528,5,426,80,17
5,0,528,5,426,80,17
5,2,528,25,503,0,0
5,4,528,45,399,72,12
5,1,528,25,482,0,21
5,0,528,5,426,80,17
5,5,530,65,390,75,0
5,5,530,65,390,75,0
5,6,530,65,390,75,0
5,6,530,65,390,75,0
5,4,530,45,399,74,12
5,3,530,25,499,0,6
5,4,530,45,399,74,12
5,1,530,25,484,0,21
5,1,530,25,484,0,21
5,0,530,5,428,80,17
5,1,530,25,484,0,21
5,0,530,5,428,80,17
5,4,530,45,399,74,12
5,2,530,25,505,0,0
5,1,530,25,484,0,21
5,0,530,5,428,80,17
5,4,531,45,399,75,12
5,4,531,45,399,75,12
5,0,532,5,430,80,17
5,0,532,5,430,80,17
5,5,535,65,395,75,0
5,5,535,65,395,75,0
5,6,535,65,395,75,0
5,6,535,65,395,75,0
5,2,535,25,510,0,0
5,4,535,45,403,75,12
5,4,535,45,403,75,12
5,1,535,25,489,0,21
5,0,535,5,430,83,17
5,1,535,25,489,0,21
5,3,535,25,504,0,6
5,0,535,5,430,83,17
5,4,536,45,404,75,12
5,4,536,45,404,75,12
5,0,536,5,430,84,17
5,1,536,25,490,0,21
5,0,536,5,430,84,17
5,0,536,5,430,84,17
5,4,536,45,404,75,12
5,3,536,25,505,0,6
5,1,536,25,490,0,21
5,0,536,5,430,84,17
5,2,536,25,511,0,0
5,4,536,45,404,75,12
5,4,536,45,404,75,12
5,1,536,25,490,0,21
5,0,536,5,430,84,17
5,0,537,5,430,85,17
5,0,537,5,430,85,17
5,1,538,25,492,0,21
5,4,538,45,406,75,12
5,1,538,25,492,0,21
5,0,538,5,431,85,17
5,2,538,25,513,0,0
5,4,538,45,406,75,12
5,2,538,25,513,0,0
5,1,538,25,492,0,21
5,0,538,5,431,85,17
5,5,540,65,400,75,0
5,5,540,65,400,75,0
5,6,540,65,400,75,0
5,6,540,65,400,75,0
5,2,540,25,515,0,0
5,3,540,25,509,0,6
5,4,540,45,408,75,12
5,1,540,25,494,0,21
5,0,540,5,433,85,17
5,4,540,45,408,75,12
5,1,540,25,494,0,21
5,0,540,5,433,85,17
5,4,541,45,409,75,12
5,4,541,45,409,75,12
5,2,541,25,516,0,0
5,3,541,25,510,0,6
5,4,541,45,409,75,12
5,4,541,45,409,75,12
5,0,541,5,434,85,17
5,1,541,25,495,0,21
5,1,541,25,495,0,21
5,4,541,45,409,75,12
5,0,541,5,434,85,17
5,0,542,5,435,85,17
5,0,542,5,435,85,17
5,1,543,25,497,0,21
5,0,543,5,436,85,17
5,3,543,25,512,0,6
5,3,543,25,512,0,6
5,1,543,25,497,0,21
5,0,543,5,436,85,17
5,0,543,5,436,85,17
5,0,543,5,436,85,17
5,4,543,45,411,75,12
5,5,545,65,400,80,0
5,5,545,65,400,80,0
5,6,545,65,400,80,0
5,6,545,65,400,80,0
5,1,545,25,499,0,21
5,4,545,45,413,75,12
5,1,545,25,499,0,21
5,0,545,5,438,85,17
5,4,546,45,414,75,12
5,4,546,45,414,75,12
5,2,546,25,521,0,0
5,4,546,45,414,75,12
5,1,546,25,500,0,21
5,0,546,5,439,85,17
5,4,546,45,414,75,12
5,4,546,45,414,75,12
5,1,546,25,500,0,21
5,0,546,5,439,85,17
5,3,546,25,515,0,6
5,0,547,5,440,85,17
5,0,547,5,440,85,17
5,3,548,25,517,0,6
5,1,548,25,502,0,21
5,0,548,5,441,85,17
5,0,548,5,441,85,17
5,0,548,5,441,85,17
5,4,548,45,416,75,12
5,1,548,25,502,0,21
5,0,548,5,441,85,17
5,3,548,25,517,0,6
5,5,550,65,405,80,0
5,5,550,65,405,80,0
5,6,550,65,405,80,0
5,6,550,65,405,80,0
5,3,550,25,519,0,6
5,4,550,45,418,75,12
5,1,550,25,504,0,21
5,0,550,5,443,85,17
5,2,550,25,525,0,0
5,1,550,25,504,0,21
5,4,550,45,418,75,12
5,1,550,25,504,0,21
5,0,550,5,443,85,17
5,4,550,45,418,75,12
5,1,550,25,504,0,21
5,0,550,5,443,85,17
5,4,551,45,419,75,12
5,4,551,45,419,75,12
5,2,551,25,526,0,0
5,3,551,25,520,0,6
5,4,551,45,419,75,12
5,4,551,45,419,75,12
5,1,551,25,505,0,21
5,0,551,5,444,85,17
5,4,551,45,419,75,12
5,1,551,25,505,0,21
5,0,551,5,444,85,17
5,0,552,5,445,85,17
5,0,552,5,445,85,17
5,1,553,25,507,0,21
5,0,553,5,446,85,17
5,0,553,5,446,85,17
5,2,553,25,528,0,0
5,0,553,5,446,85,17
5,4,553,45,421,75,12
5,1,553,25,507,0,21
5,0,553,5,446,85,17
5,2,553,25,528,0,0
5,5,555,65,410,80,0
5,5,555,65,410,80,0
5,6,555,65,410,80,0
5,6,555,65,410,80,0
5,3,555,25,524,0,6
5,4,555,45,423,75,12
5,1,555,25,509,0,21
5,0,555,5,448,85,17
5,2,555,25,530,0,0
5,4,555,45,423,75,12
5,4,555,45,423,75,12
5,1,555,25,509,0,21
5,0,555,5,448,85,17
5,1,555,25,509,0,21
5,1,555,25,509,0,21
5,0,555,5,448,85,17
5,4,556,45,424,75,12
5,4,556,45,424,75,12
5,2,556,25,531,0,0
5,3,556,25,525,0,6
5,4,556,45,424,75,12
5,1,556,25,510,0,21
5,0,556,5,449,85,17
5,4,556,45,424,75,12
5,1,556,25,510,0,21
5,0,556,5,449,85,17
5,4,556,45,424,75,12
5,0,557,5,450,85,17
5,0,557,5,450,85,17
5,2,558,25,533,0,0
5,0,558,5,451,85,17
5,1,558,25,512,0,21
5,0,558,5,451,85,17
5,0,558,5,451,85,17
5,2,558,25,533,0,0
5,4,558,45,424,77,12
5,1,558,25,512,0,21
5,0,558,5,451,85,17
5,5,560,65,415,80,0
5,5,560,65,415,80,0
5,6,560,65,415,80,0
5,6,560,65,415,80,0
5,4,560,45,424,79,12
5,3,560,25,529,0,6
5,4,560,45,424,79,12
5,1,560,25,514,0,21
5,1,560,25,514,0,21
5,0,560,5,453,85,17
5,1,560,25,514,0,21
5,0,560,5,453,85,17
5,4,560,45,424,79,12
5,2,560,25,535,0,0
5,1,560,25,514,0,21
5,0,560,5,453,85,17
5,4,561,45,424,80,12
5,4,561,45,424,80,12
5,0,562,5,455,85,17
5,0,562,5,455,85,17
5,5,565,65,420,80,0
5,5,565,65,420,80,0
5,6,565,65,420,80,0
5,6,565,65,420,80,0
5,2,565,25,540,0,0
5,4,565,45,428,80,12
5,4,565,45,428,80,12
5,1,565,25,519,0,21
5,0,565,5,455,88,17
5,1,565,25,519,0,21
5,3,565,25,534,0,6
5,0,565,5,455,88,17
5,4,566,45,429,80,12
5,4,566,45,429,80,12
5,0,566,5,455,89,17
5,1,566,25,520,0,21
5,0,566,5,455,89,17
5,0,566,5,455,89,17
5,4,566,45,429,80,12
5,3,566,25,535,0,6
5,1,566,25,520,0,21
5,2,566,25,541,0,0
5,0,566,5,455,89,17
5,4,566,45,429,80,12
5,1,566,25,520,0,21
5,0,566,5,455,89,17
5,4,566,45,429,80,12
5,0,567,5,455,90,17
5,0,567,5,455,90,17
5,1,568,25,522,0,21
5,4,568,45,431,80,12
5,1,568,25,522,0,21
5,0,568,5,456,90,17
5,3,568,25,537,0,6
5,4,568,45,431,80,12
5,3,568,25,537,0,6
5,1,568,25,522,0,21
5,0,568,5,456,90,17
5,5,570,65,425,80,0
5,5,570,65,425,80,0
5,6,570,65,425,80,0
5,6,570,65,425,80,0
5,2,570,25,545,0,0
5,3,570,25,539,0,6
5,4,570,45,433,80,12
5,1,570,25,524,0,21
5,0,570,5,458,90,17
5,4,570,45,433,80,12
5,1,570,25,524,0,21
5,0,570,5,458,90,17
5,4,571,45,434,80,12
5,4,571,45,434,80,12
5,2,571,25,546,0,0
5,3,571,25,540,0,6
5,4,571,45,434,80,12
5,4,571,45,434,80,12
5,0,571,5,459,90,17
5,1,571,25,525,0,21
5,1,571,25,525,0,21
5,4,571,45,434,80,12
5,0,571,5,459,90,17
5,0,572,5,460,90,17
5,0,572,5,460,90,17
5,1,573,25,527,0,21
5,0,573,5,461,90,17
5,3,573,25,542,0,6
5,3,573,25,542,0,6
5,1,573,25,527,0,21
5,0,573,5,461,90,17
5,0,573,5,461,90,17
5,0,573,5,461,90,17
5,4,573,45,436,80,12
5,5,575,65,425,85,0
5,5,575,65,425,85,0
5,6,575,65,425,85,0
5,6,575,65,425,85,0
5,1,575,25,529,0,21
5,4,575,45,438,80,12
5,1,575,25,529,0,21
5,0,575,5,463,90,17
5,4,576,45,439,80,12
5,4,576,45,439,80,12
5,2,576,25,551,0,0
5,3,576,25,545,0,6
5,4,576,45,439,80,12
5,4,576,45,439,80,12
5,1,576,25,530,0,21
5,0,576,5,464,90,17
5,4,576,45,439,80,12
5,1,576,25,530,0,21
5,0,576,5,464,90,17
5,0,577,5,465,90,17
5,0,577,5,465,90,17
5,1,578,25,532,0,21
5,0,578,5,466,90,17
5,0,578,5,466,90,17
5,2,578,25,553,0,0
5,0,578,5,466,90,17
5,4,578,45,441,80,12
5,1,578,25,532,0,21
5,0,578,5,466,90,17
5,2,578,25,553,0,0
5,5,580,65,430,85,0
5,5,580,65,430,85,0
5,6,580,65,430,85,0
5,6,580,65,430,85,0
5,3,580,25,549,0,6
5,1,580,25,534,0,21
5,4,580,45,443,80,12
5,1,580,25,534,0,21
5,4,580,45,443,80,12
5,2,580,25,555,0,0
5,0,580,5,468,90,17
5,1,580,25,534,0,21
5,4,580,45,443,80,12
5,0,580,5,468,90,17
5,1,580,25,534,0,21
5,0,580,5,468,90,17
5,4,581,45,444,80,12
5,4,581,45,444,80,12
5,2,581,25,556,0,0
5,3,581,25,550,0,6
5,4,581,45,444,80,12
5,1,581,25,535,0,21
5,0,581,5,469,90,17
5,4,581,45,444,80,12
5,4,581,45,444,80,12
5,1,581,25,535,0,21
5,0,581,5,469,90,17
5,0,582,5,470,90,17
5,0,582,5,470,90,17
5,2,583,25,558,0,0
5,0,583,5,471,90,17
5,0,583,5,471,90,17
5,1,583,25,537,0,21
5,0,583,5,471,90,17
5,2,583,25,558,0,0
5,4,583,45,446,80,12
5,1,583,25,537,0,21
5,0,583,5,471,90,17
5,5,585,65,435,85,0
5,5,585,65,435,85,0
5,6,585,65,435,85,0
5,6,585,65,435,85,0
5,3,585,25,554,0,6
5,4,585,45,448,80,12
5,1,585,25,539,0,21
5,0,585,5,473,90,17
5,2,585,25,560,0,0
5,4,585,45,448,80,12
5,1,585,25,539,0,21
5,0,585,5,473,90,17
5,1,585,25,539,0,21
5,4,585,45,448,80,12
5,1,585,25,539,0,21
5,0,585,5,473,90,17
5,4,586,45,449,80,12
5,4,586,45,449,80,12
5,2,586,25,561,0,0
5,3,586,25,555,0,6
5,4,586,45,449,80,12
5,4,586,45,449,80,12
5,0,586,5,474,90,17
5,1,586,25,540,0,21
5,1,586,25,540,0,21
5,4,586,45,449,80,12
5,0,586,5,474,90,17
5,0,587,5,475,90,17
5,0,587,5,475,90,17
5,3,588,25,557,0,6
5,0,588,5,476,90,17
5,1,588,25,542,0,21
5,0,588,5,476,90,17
5,0,588,5,476,90,17
5,3,588,25,557,0,6
5,4,588,45,449,82,12
5,1,588,25,542,0,21
5,0,588,5,476,90,17
5,5,590,65,440,85,0
5,5,590,65,440,85,0
5,6,590,65,440,85,0
5,6,590,65,440,85,0
5,4,590,45,449,84,12
5,3,590,25,559,0,6
5,4,590,45,449,84,12
5,1,590,25,544,0,21
5,1,590,25,544,0,21
5,0,590,5,478,90,17
5,1,590,25,544,0,21
5,0,590,5,478,90,17
5,4,590,45,449,84,12
5,2,590,25,565,0,0
5,1,590,25,544,0,21
5,0,590,5,478,90,17
5,4,591,45,449,85,12
5,4,591,45,449,85,12
5,0,592,5,480,90,17
5,0,592,5,480,90,17
5,5,595,65,445,85,0
5,5,595,65,445,85,0
5,6,595,65,445,85,0
5,6,595,65,445,85,0
5,2,595,25,570,0,0
5,4,595,45,453,85,12
5,4,595,45,453,85,12
5,1,595,25,549,0,21
5,0,595,5,480,93,17
5,1,595,25,549,0,21
5,3,595,25,564,0,6
5,0,595,5,480,93,17
5,4,596,45,454,85,12
5,4,596,45,454,85,12
5,0,596,5,480,94,17
5,1,596,25,550,0,21
5,0,596,5,480,94,17
5,0,596,5,480,94,17
5,4,596,45,454,85,12
5,3,596,25,565,0,6
5,1,596,25,550,0,21
5,2,596,25,571,0,0
5,0,596,5,480,94,17
5,4,596,45,454,85,12
5,1,596,25,550,0,21
5,0,596,5,480,94,17
5,4,596,45,454,85,12
5,0,597,5,480,95,17
5,0,597,5,480,95,17
5,1,598,25,552,0,21
5,4,598,45,456,85,12
5,1,598,25,552,0,21
5,0,598,5,481,95,17
5,3,598,25,567,0,6
5,4,598,45,456,85,12
5,3,598,25,567,0,6
5,1,598,25,552,0,21
5,0,598,5,481,95,17
5,5,600,65,450,85,0
5,5,600,65,450,85,0
5,6,600,65,450,85,0
5,6,600,65,450,85,0
5,2,600,25,575,0,0
5,3,600,25,569,0,6
5,4,600,45,458,85,12
5,1,600,25,554,0,21
5,0,600,5,483,95,17
5,4,600,45,458,85,12
5,1,600,25,554,0,21
5,0,600,5,483,95,17
5,4,601,45,459,85,12
5,4,601,45,459,85,12
5,2,601,25,576,0,0
5,3,601,25,570,0,6
5,4,601,45,459,85,12
5,4,601,45,459,85,12
5,1,601,25,555,0,21
5,0,601,5,484,95,17
5,4,601,45,459,85,12
5,1,601,25,555,0,21
5,0,601,5,484,95,17
5,0,602,5,485,95,17
5,0,602,5,485,95,17
5,2,603,25,578,0,0
5,0,603,5,486,95,17
5,0,603,5,486,95,17
5,1,603,25,557,0,21
5,0,603,5,486,95,17
5,2,603,25,578,0,0
5,4,603,45,461,85,12
5,1,603,25,557,0,21
5,0,603,5,486,95,17
5,5,605,65,450,90,0
5,5,605,65,450,90,0
5,6,605,65,450,90,0
5,6,605,65,450,90,0
5,1,605,25,559,0,21
5,4,605,45,463,85,12
5,1,605,25,559,0,21
5,0,605,5,488,95,17
5,4,606,45,464,85,12
5,4,606,45,464,85,12
5,2,606,25,581,0,0
5,3,606,25,575,0,6
5,4,606,45,464,85,12
5,1,606,25,560,0,21
5,0,606,5,489,95,17
5,4,606,45,464,85,12
5,4,606,45,464,85,12
5,1,606,25,560,0,21
5,0,606,5,489,95,17
5,0,607,5,490,95,17
5,0,607,5,490,95,17
5,2,608,25,583,0,0
5,1,608,25,562,0,21
5,0,608,5,491,95,17
5,0,608,5,491,95,17
5,0,608,5,491,95,17
5,4,608,45,466,85,12
5,1,608,25,562,0,21
5,0,608,5,491,95,17
5,2,608,25,583,0,0
5,5,610,65,455,90,0
5,5,610,65,455,90,0
5,6,610,65,455,90,0
5,6,610,65,455,90,0
5,4,610,45,468,85,12
5,1,610,25,564,0,21
5,0,610,5,493,95,17
5,2,610,25,585,0,0
5,4,610,45,468,85,12
5,4,610,45,468,85,12
5,1,610,25,564,0,21
5,0,610,5,493,95,17
5,1,610,25,564,0,21
5,3,610,25,579,0,6
5,1,610,25,564,0,21
5,0,610,5,493,95,17
5,4,611,45,469,85,12
5,4,611,45,469,85,12
5,2,611,25,586,0,0
5,3,611,25,580,0,6
5,4,611,45,469,85,12
5,4,611,45,469,85,12
5,0,611,5,494,95,17
5,1,611,25,565,0,21
5,1,611,25,565,0,21
5,4,611,45,469,85,12
5,0,611,5,494,95,17
5,0,612,5,495,95,17
5,0,612,5,495,95,17
5,1,613,25,567,0,21
5,0,613,5,496,95,17
5,0,613,5,496,95,17
5,3,613,25,582,0,6
5,0,613,5,496,95,17
5,4,613,45,471,85,12
5,1,613,25,567,0,21
5,0,613,5,496,95,17
5,3,613,25,582,0,6
5,5,615,65,460,90,0
5,5,615,65,460,90,0
5,6,615,65,460,90,0
5,6,615,65,460,90,0
5,3,615,25,584,0,6
5,1,615,25,569,0,21
5,0,615,5,498,95,17
5,2,615,25,590,0,0
5,4,615,45,473,85,12
5,4,615,45,473,85,12
5,1,615,25,569,0,21
5,0,615,5,498,95,17
5,1,615,25,569,0,21
5,4,615,45,473,85,12
5,1,615,25,569,0,21
5,0,615,5,498,95,17
5,4,616,45,474,85,12
5,4,616,45,474,85,12
5,2,616,25,591,0,0
5,3,616,25,585,0,6
5,4,616,45,474,85,12
5,4,616,45,474,85,12
5,0,616,5,499,95,17
5,1,616,25,570,0,21
5,1,616,25,570,0,21
5,4,616,45,474,85,12
5,0,616,5,499,95,17
5,0,617,5,500,95,17
5,0,617,5,500,95,17
5,1,618,25,572,0,21
5,0,618,5,501,95,17
5,3,618,25,587,0,6
5,3,618,25,587,0,6
5,4,618,45,474,87,12
5,0,618,5,501,95,17
5,0,618,5,501,95,17
5,1,618,25,572,0,21
5,0,618,5,501,95,17
5,5,620,65,465,90,0
5,5,620,65,465,90,0
5,6,620,65,465,90,0
5,6,620,65,465,90,0
5,4,620,45,474,89,12
5,3,620,25,589,0,6
5,4,620,45,474,89,12
5,1,620,25,574,0,21
5,1,620,25,574,0,21
5,0,620,5,503,95,17
5,1,620,25,574,0,21
5,0,620,5,503,95,17
5,4,620,45,474,89,12
5,2,620,25,595,0,0
5,1,620,25,574,0,21
5,0,620,5,503,95,17
5,4,621,45,474,90,12
5,4,621,45,474,90,12
5,0,622,5,505,95,17
5,0,622,5,505,95,17
5,5,625,65,470,90,0
5,5,625,65,470,90,0
5,6,625,65,470,90,0
5,6,625,65,470,90,0
5,2,625,25,600,0,0
5,4,625,45,478,90,12
5,4,625,45,478,90,12
5,1,625,25,579,0,21
5,0,625,5,505,98,17
5,1,625,25,579,0,21
5,3,625,25,594,0,6
5,0,625,5,505,98,17
5,4,626,45,479,90,12
5,4,626,45,479,90,12
5,0,626,5,505,99,17
5,0,626,5,505,99,17
5,0,626,5,505,99,17
5,1,626,25,580,0,21
5,4,626,45,479,90,12
5,3,626,25,595,0,6
5,1,626,25,580,0,21
5,0,626,5,505,99,17
5,2,626,25,601,0,0
5,4,626,45,479,90,12
5,4,626,45,479,90,12
5,1,626,25,580,0,21
5,0,626,5,505,99,17
5,0,627,5,505,100,17
5,0,627,5,505,100,17
5,1,628,25,582,0,21
5,4,628,45,481,90,12
5,1,628,25,582,0,21
5,0,628,5,506,100,17
5,2,628,25,603,0,0
5,4,628,45,481,90,12
5,2,628,25,603,0,0
5,1,628,25,582,0,21
5,0,628,5,506,100,17
5,5,630,65,475,90,0
5,5,630,65,475,90,0
5,6,630,65,475,90,0
5,6,630,65,475,90,0
5,2,630,25,605,0,0
5,3,630,25,599,0,6
5,4,630,45,483,90,12
5,1,630,25,584,0,21
5,0,630,5,508,100,17
5,4,630,45,483,90,12
5,1,630,25,584,0,21
5,0,630,5,508,100,17
5,4,631,45,484,90,12
5,4,631,45,484,90,12
5,2,631,25,606,0,0
5,3,631,25,600,0,6
5,4,631,45,484,90,12
5,4,631,45,484,90,12
5,1,631,25,585,0,21
5,0,631,5,509,100,17
5,4,631,45,484,90,12
5,1,631,25,585,0,21
5,0,631,5,509,100,17
5,0,632,5,510,100,17
5,0,632,5,510,100,17
5,2,633,25,608,0,0
5,0,633,5,511,100,17
5,0,633,5,511,100,17
5,1,633,25,587,0,21
5,0,633,5,511,100,17
5,2,633,25,608,0,0
5,4,633,45,486,90,12
5,1,633,25,587,0,21
5,0,633,5,511,100,17
5,5,635,65,475,95,0
5,5,635,65,475,95,0
5,6,635,65,475,95,0
5,6,635,65,475,95,0
5,1,635,25,589,0,21
5,4,635,45,488,90,12
5,1,635,25,589,0,21
5,0,635,5,513,100,17
5,4,636,45,489,90,12
5,4,636,45,489,90,12
5,2,636,25,611,0,0
5,3,636,25,605,0,6
5,4,636,45,489,90,12
5,4,636,45,489,90,12
5,0,636,5,514,100,17
5,1,636,25,590,0,21
5,1,636,25,590,0,21
5,4,636,45,489,90,12
5,0,636,5,514,100,17
5,0,637,5,515,100,17
5,0,637,5,515,100,17
5,1,638,25,592,0,21
5,0,638,5,516,100,17
5,0,638,5,516,100,17
5,3,638,25,607,0,6
5,0,638,5,516,100,17
5,4,638,45,491,90,12
5,1,638,25,592,0,21
5,0,638,5,516,100,17
5,3,638,25,607,0,6
5,5,640,65,480,95,0
5,5,640,65,480,95,0
5,6,640,65,480,95,0
5,6,640,65,480,95,0
5,3,640,25,609,0,6
5,4,640,45,493,90,12
5,1,640,25,594,0,21
5,4,640,45,493,90,12
5,1,640,25,594,0,21
5,4,640,45,493,90,12
5,0,640,5,518,100,17
5,1,640,25,594,0,21
5,0,640,5,518,100,17
5,1,640,25,594,0,21
5,0,640,5,518,100,17
5,2,640,25,615,0,0
5,4,641,45,494,90,12
5,4,641,45,494,90,12
5,2,641,25,616,0,0
5,4,641,45,494,90,12
5,1,641,25,595,0,21
5,0,641,5,519,100,17
5,4,641,45,494,90,12
5,4,641,45,494,90,12
5,1,641,25,595,0,21
5,0,641,5,519,100,17
5,3,641,25,610,0,6
5,0,642,5,520,100,17
5,0,642,5,520,100,17
5,3,643,25,612,0,6
5,0,643,5,521,100,17
5,0,643,5,521,100,17
5,1,643,25,597,0,21
5,0,643,5,521,100,17
5,3,643,25,612,0,6
5,4,643,45,496,90,12
5,1,643,25,597,0,21
5,0,643,5,521,100,17
5,5,645,65,485,95,0
5,5,645,65,485,95,0
5,6,645,65,485,95,0
5,6,645,65,485,95,0
5,3,645,25,614,0,6
5,1,645,25,599,0,21
5,0,645,5,523,100,17
5,2,645,25,620,0,0
5,4,645,45,498,90,12
5,4,645,45,498,90,12
5,1,645,25,599,0,21
5,0,645,5,523,100,17
5,1,645,25,599,0,21
5,4,645,45,498,90,12
5,1,645,25,599,0,21
5,0,645,5,523,100,17
5,4,646,45,499,90,12
5,4,646,45,499,90,12
5,2,646,25,621,0,0
5,3,646,25,615,0,6
5,4,646,45,499,90,12
5,1,646,25,600,0,21
5,0,646,5,524,100,17
5,4,646,45,499,90,12
5,1,646,25,600,0,21
5,0,646,5,524,100,17
5,4,646,45,499,90,12
5,0,647,5,525,100,17
5,0,647,5,525,100,17
5,2,648,25,623,0,0
5,0,648,5,526,100,17
5,1,648,25,602,0,21
5,0,648,5,526,100,17
5,0,648,5,526,100,17
5,2,648,25,623,0,0
5,4,648,45,499,92,12
5,1,648,25,602,0,21
5,0,648,5,526,100,17
5,5,650,65,490,95,0
5,5,650,65,490,95,0
5,6,650,65,490,95,0
5,6,650,65,490,95,0
5,4,650,45,499,94,12
5,3,650,25,619,0,6
5,4,650,45,499,94,12
5,1,650,25,604,0,21
5,1,650,25,604,0,21
5,0,650,5,528,100,17
5,1,650,25,604,0,21
5,0,650,5,528,100,17
5,4,650,45,499,94,12
5,2,650,25,625,0,0
5,1,650,25,604,0,21
5,0,650,5,528,100,17
5,4,651,45,499,95,12
5,4,651,45,499,95,12
5,0,652,5,530,100,17
5,0,652,5,530,100,17
5,5,655,65,495,95,0
5,5,655,65,495,95,0
5,6,655,65,495,95,0
5,6,655,65,495,95,0
5,2,655,25,630,0,0
5,4,655,45,503,95,12
5,4,655,45,503,95,12
5,1,655,25,609,0,21
5,0,655,5,530,103,17
5,1,655,25,609,0,21
5,3,655,25,624,0,6
5,0,655,5,530,103,17
5,4,656,45,504,95,12
5,4,656,45,504,95,12
5,0,656,5,530,104,17
5,1,656,25,610,0,21
5,0,656,5,530,104,17
5,0,656,5,530,104,17
5,4,656,45,504,95,12
5,3,656,25,625,0,6
5,1,656,25,610,0,21
5,0,656,5,530,104,17
5,2,656,25,631,0,0
5,4,656,45,504,95,12
5,4,656,45,504,95,12
5,1,656,25,610,0,21
5,0,656,5,530,104,17
5,0,657,5,530,105,17
5,0,657,5,530,105,17
5,1,658,25,612,0,21
5,4,658,45,506,95,12
5,1,658,25,612,0,21
5,0,658,5,531,105,17
5,2,658,25,633,0,0
5,4,658,45,506,95,12
5,2,658,25,633,0,0
5,1,658,25,612,0,21
5,0,658,5,531,105,17
5,5,660,65,500,95,0
5,5,660,65,500,95,0
5,6,660,65,500,95,0
5,6,660,65,500,95,0
5,2,660,25,635,0,0
5,3,660,25,629,0,6
5,4,660,45,508,95,12
5,1,660,25,614,0,21
5,0,660,5,533,105,17
5,4,660,45,508,95,12
5,1,660,25,614,0,21
5,0,660,5,533,105,17
5,4,661,45,509,95,12
5,4,661,45,509,95,12
5,2,661,25,636,0,0
5,3,661,25,630,0,6
5,4,661,45,509,95,12
5,4,661,45,509,95,12
5,0,661,5,534,105,17
5,1,661,25,615,0,21
5,1,661,25,615,0,21
5,4,661,45,509,95,12
5,0,661,5,534,105,17
5,0,662,5,535,105,17
5,0,662,5,535,105,17
5,1,663,25,617,0,21
5,0,663,5,536,105,17
5,3,663,25,632,0,6
5,3,663,25,632,0,6
5,1,663,25,617,0,21
5,0,663,5,536,105,17
5,0,663,5,536,105,17
5,0,663,5,536,105,17
5,4,663,45,511,95,12
5,5,665,65,500,100,0
5,5,665,65,500,100,0
5,6,665,65,500,100,0
5,6,665,65,500,100,0
5,1,665,25,619,0,21
5,4,665,45,513,95,12
5,1,665,25,619,0,21
5,0,665,5,538,105,17
5,4,666,45,514,95,12
5,4,666,45,514,95,12
5,2,666,25,641,0,0
5,4,666,45,514,95,12
5,1,666,25,620,0,21
5,0,666,5,539,105,17
5,4,666,45,514,95,12
5,4,666,45,514,95,12
5,1,666,25,620,0,21
5,0,666,5,539,105,17
5,3,666,25,635,0,6
5,0,667,5,540,105,17
5,0,667,5,540,105,17
5,3,668,25,637,0,6
5,1,668,25,622,0,21
5,0,668,5,541,105,17
5,0,668,5,541,105,17
5,0,668,5,541,105,17
5,4,668,45,516,95,12
5,1,668,25,622,0,21
5,0,668,5,541,105,17
5,3,668,25,637,0,6
5,5,670,65,505,100,0
5,5,670,65,505,100,0
5,6,670,65,505,100,0
5,6,670,65,505,100,0
5,3,670,25,639,0,6
5,4,670,45,518,95,12
5,1,670,25,624,0,21
5,0,670,5,543,105,17
5,2,670,25,645,0,0
5,1,670,25,624,0,21
5,4,670,45,518,95,12
5,1,670,25,624,0,21
5,0,670,5,543,105,17
5,4,670,45,518,95,12
5,1,670,25,624,0,21
5,0,670,5,543,105,17
5,4,671,45,519,95,12
5,4,671,45,519,95,12
5,2,671,25,646,0,0
5,3,671,25,640,0,6
5,4,671,45,519,95,12
5,4,671,45,519,95,12
5,1,671,25,625,0,21
5,0,671,5,544,105,17
5,4,671,45,519,95,12
5,1,671,25,625,0,21
5,0,671,5,544,105,17
5,0,672,5,545,105,17
5,0,672,5,545,105,17
5,1,673,25,627,0,21
5,0,673,5,546,105,17
5,0,673,5,546,105,17
5,2,673,25,648,0,0
5,0,673,5,546,105,17
5,4,673,45,521,95,12
5,1,673,25,627,0,21
5,0,673,5,546,105,17
5,2,673,25,648,0,0
5,5,675,65,510,100,0
5,5,675,65,510,100,0
5,6,675,65,510,100,0
5,6,675,65,510,100,0
5,3,675,25,644,0,6
5,4,675,45,523,95,12
5,1,675,25,629,0,21
5,0,675,5,548,105,17
5,2,675,25,650,0,0
5,4,675,45,523,95,12
5,4,675,45,523,95,12
5,1,675,25,629,0,21
5,0,675,5,548,105,17
5,1,675,25,629,0,21
5,1,675,25,629,0,21
5,0,675,5,548,105,17
5,4,676,45,524,95,12
5,4,676,45,524,95,12
5,2,676,25,651,0,0
5,3,676,25,645,0,6
5,4,676,45,524,95,12
5,1,676,25,630,0,21
5,0,676,5,549,105,17
5,4,676,45,524,95,12
5,1,676,25,630,0,21
5,0,676,5,549,105,17
5,4,676,45,524,95,12
5,0,677,5,550,105,17
5,0,677,5,550,105,17
5,2,678,25,653,0,0
5,0,678,5,551,105,17
5,1,678,25,632,0,21
5,0,678,5,551,105,17
5,0,678,5,551,105,17
5,2,678,25,653,0,0
5,4,678,45,524,97,12
5,1,678,25,632,0,21
5,0,678,5,551,105,17
5,5,680,65,515,100,0
5,5,680,65,515,100,0
5,6,680,65,515,100,0
5,6,680,65,515,100,0
5,4,680,45,524,99,12
5,3,680,25,649,0,6
5,4,680,45,524,99,12
5,1,680,25,634,0,21
5,1,680,25,634,0,21
5,0,680,5,553,105,17
5,1,680,25,634,0,21
5,0,680,5,553,105,17
5,4,680,45,524,99,12
5,2,680,25,655,0,0
5,1,680,25,634,0,21
5,0,680,5,553,105,17
5,4,681,45,524,100,12
5,4,681,45,524,100,12
5,0,682,5,555,105,17
5,0,682,5,555,105,17
5,5,685,65,520,100,0
5,5,685,65,520,100,0
5,6,685,65,520,100,0
5,6,685,65,520,100,0
5,2,685,25,660,0,0
5,4,685,45,528,100,12
5,4,685,45,528,100,12
5,1,685,25,639,0,21
5,0,685,5,555,108,17
5,1,685,25,639,0,21
5,3,685,25,654,0,6
5,0,685,5,555,108,17
5,4,686,45,529,100,12
5,4,686,45,529,100,12
5,0,686,5,555,109,17
5,1,686,25,640,0,21
5,0,686,5,555,109,17
5,0,686,5,555,109,17
5,4,686,45,529,100,12
5,3,686,25,655,0,6
5,1,686,25,640,0,21
5,2,686,25,661,0,0
5,0,686,5,555,109,17
5,4,686,45,529,100,12
5,1,686,25,640,0,21
5,0,686,5,555,109,17
5,4,686,45,529,100,12
5,0,687,5,555,110,17
5,0,687,5,555,110,17
5,1,688,25,642,0,21
5,4,688,45,531,100,12
5,1,688,25,642,0,21
5,0,688,5,556,110,17
5,3,688,25,657,0,6
5,4,688,45,531,100,12
5,3,688,25,657,0,6
5,1,688,25,642,0,21
5,0,688,5,556,110,17
5,5,690,65,525,100,0
5,5,690,65,525,100,0
5,6,690,65,525,100,0
5,6,690,65,525,100,0
5,2,690,25,665,0,0
5,3,690,25,659,0,6
5,4,690,45,533,100,12
5,1,690,25,644,0,21
5,0,690,5,558,110,17
5,4,690,45,533,100,12
5,1,690,25,644,0,21
5,0,690,5,558,110,17
5,4,691,45,534,100,12
5,4,691,45,534,100,12
5,2,691,25,666,0,0
5,3,691,25,660,0,6
5,4,691,45,534,100,12
5,4,691,45,534,100,12
5,0,691,5,559,110,17
5,1,691,25,645,0,21
5,1,691,25,645,0,21
5,4,691,45,534,100,12
5,0,691,5,559,110,17
5,0,692,5,560,110,17
5,0,692,5,560,110,17
5,1,693,25,647,0,21
5,0,693,5,561,110,17
5,3,693,25,662,0,6
5,3,693,25,662,0,6
5,1,693,25,647,0,21
5,0,693,5,561,110,17
5,0,693,5,561,110,17
5,0,693,5,561,110,17
5,4,693,45,536,100,12
5,5,695,65,525,105,0
5,5,695,65,525,105,0
5,6,695,65,525,105,0
5,6,695,65,525,105,0
5,1,695,25,649,0,21
5,4,695,45,538,100,12
5,1,695,25,649,0,21
5,0,695,5,563,110,17
5,4,696,45,539,100,12
5,4,696,45,539,100,12
5,2,696,25,671,0,0
5,3,696,25,665,0,6
5,4,696,45,539,100,12
5,4,696,45,539,100,12
5,1,696,25,650,0,21
5,0,696,5,564,110,17
5,4,696,45,539,100,12
5,1,696,25,650,0,21
5,0,696,5,564,110,17
5,0,697,5,565,110,17
5,0,697,5,565,110,17
5,1,698,25,652,0,21
5,0,698,5,566,110,17
5,0,698,5,566,110,17
5,2,698,25,673,0,0
5,0,698,5,566,110,17
5,4,698,45,541,100,12
5,1,698,25,652,0,21
5,0,698,5,566,110,17
5,2,698,25,673,0,0
5,5,700,65,530,105,0
5,5,700,65,530,105,0
5,6,700,65,530,105,0
5,6,700,65,530,105,0
5,3,700,25,669,0,6
5,1,700,25,654,0,21
5,4,700,45,543,100,12
5,1,700,25,654,0,21
5,4,700,45,543,100,12
5,2,700,25,675,0,0
5,0,700,5,568,110,17
5,1,700,25,654,0,21
5,4,700,45,543,100,12
5,0,700,5,568,110,17
5,1,700,25,654,0,21
5,0,700,5,568,110,17
5,4,701,45,544,100,12
5,4,701,45,544,100,12
5,2,701,25,676,0,0
5,3,701,25,670,0,6
5,4,701,45,544,100,12
5,1,701,25,655,0,21
5,0,701,5,569,110,17
5,4,701,45,544,100,12
5,4,701,45,544,100,12
5,1,701,25,655,0,21
5,0,701,5,569,110,17
5,0,702,5,570,110,17
5,0,702,5,570,110,17
5,2,703,25,678,0,0
5,0,703,5,571,110,17
5,0,703,5,571,110,17
5,1,703,25,657,0,21
5,0,703,5,571,110,17
5,2,703,25,678,0,0
5,4,703,45,546,100,12
5,1,703,25,657,0,21
5,0,703,5,571,110,17
5,5,705,65,535,105,0
5,5,705,65,535,105,0
5,6,705,65,535,105,0
5,6,705,65,535,105,0
5,3,705,25,674,0,6
5,4,705,45,548,100,12
5,1,705,25,659,0,21
5,0,705,5,573,110,17
5,2,705,25,680,0,0
5,4,705,45,548,100,12
5,1,705,25,659,0,21
5,0,705,5,573,110,17
5,1,705,25,659,0,21
5,4,705,45,548,100,12
5,1,705,25,659,0,21
5,0,705,5,573,110,17
5,4,706,45,549,100,12
5,4,706,45,549,100,12
5,2,706,25,681,0,0
5,3,706,25,675,0,6
5,4,706,45,549,100,12
5,4,706,45,549,100,12
5,0,706,5,574,110,17
5,1,706,25,660,0,21
5,1,706,25,660,0,21
5,4,706,45,549,100,12
5,0,706,5,574,110,17
5,0,707,5,575,110,17
5,0,707,5,575,110,17
5,3,708,25,677,0,6
5,0,708,5,576,110,17
5,1,708,25,662,0,21
5,0,708,5,576,110,17
5,0,708,5,576,110,17
5,3,708,25,677,0,6
5,4,708,45,549,102,12
5,1,708,25,662,0,21
5,0,708,5,576,110,17
5,5,710,65,540,105,0
5,5,710,65,540,105,0
5,6,710,65,540,105,0
5,6,710,65,540,105,0
5,4,710,45,549,104,12
5,3,710,25,679,0,6
5,4,710,45,549,104,12
5,1,710,25,664,0,21
5,1,710,25,664,0,21
5,0,710,5,578,110,17
5,1,710,25,664,0,21
5,0,710,5,578,110,17
5,4,710,45,549,104,12
5,2,710,25,685,0,0
5,1,710,25,664,0,21
5,0,710,5,578,110,17
5,4,711,45,549,105,12
5,4,711,45,549,105,12
5,0,712,5,580,110,17
5,0,712,5,580,110,17
5,5,715,65,545,105,0
5,5,715,65,545,105,0
5,6,715,65,545,105,0
5,6,715,65,545,105,0
5,2,715,25,690,0,0
5,4,715,45,553,105,12
5,4,715,45,553,105,12
5,1,715,25,669,0,21
5,0,715,5,580,113,17
5,1,715,25,669,0,21
5,3,715,25,684,0,6
5,0,715,5,580,113,17
5,4,716,45,554,105,12
5,4,716,45,554,105,12
5,0,716,5,580,114,17
5,1,716,25,670,0,21
5,0,716,5,580,114,17
5,0,716,5,580,114,17
5,4,716,45,554,105,12
5,3,716,25,685,0,6
5,1,716,25,670,0,21
5,2,716,25,691,0,0
5,0,716,5,580,114,17
5,4,716,45,554,105,12
5,1,716,25,670,0,21
5,0,716,5,580,114,17
5,4,716,45,554,105,12
5,0,717,5,580,115,17
5,0,717,5,580,115,17
5,1,718,25,672,0,21
5,4,718,45,556,105,12
5,1,718,25,672,0,21
5,0,718,5,581,115,17
5,3,718,25,687,0,6
5,4,718,45,556,105,12
5,3,718,25,687,0,6
5,1,718,25,672,0,21
5,0,718,5,581,115,17
5,5,720,65,550,105,0
5,5,720,65,550,105,0
5,6,720,65,550,105,0
5,6,720,65,550,105,0
5,2,720,25,695,0,0
5,3,720,25,689,0,6
5,4,720,45,558,105,12
5,1,720,25,674,0,21
5,0,720,5,583,115,17
5,4,720,45,558,105,12
5,1,720,25,674,0,21
5,0,720,5,583,115,17
5,4,721,45,559,105,12
5,4,721,45,559,105,12
5,2,721,25,696,0,0
5,3,721,25,690,0,6
5,4,721,45,559,105,12
5,4,721,45,559,105,12
5,1,721,25,675,0,21
5,0,721,5,584,115,17
5,4,721,45,559,105,12
5,1,721,25,675,0,21
5,0,721,5,584,115,17
5,0,722,5,585,115,17
5,0,722,5,585,115,17
5,2,723,25,698,0,0
5,0,723,5,586,115,17
5,0,723,5,586,115,17
5,1,723,25,677,0,21
5,0,723,5,586,115,17
5,2,723,25,698,0,0
5,4,723,45,561,105,12
5,1,723,25,677,0,21
5,0,723,5,586,115,17
5,5,725,65,550,110,0
5,5,725,65,550,110,0
5,6,725,65,550,110,0
5,6,725,65,550,110,0
5,1,725,25,679,0,21
5,4,725,45,563,105,12
5,1,725,25,679,0,21
5,0,725,5,588,115,17
5,4,726,45,564,105,12
5,4,726,45,564,105,12
5,2,726,25,701,0,0
5,3,726,25,695,0,6
5,4,726,45,564,105,12
5,1,726,25,680,0,21
5,0,726,5,589,115,17
5,4,726,45,564,105,12
5,4,726,45,564,105,12
5,1,726,25,680,0,21
5,0,726,5,589,115,17
5,0,727,5,590,115,17
5,0,727,5,590,115,17
5,2,728,25,703,0,0
5,1,728,25,682,0,21
5,0,728,5,591,115,17
5,0,728,5,591,115,17
5,0,728,5,591,115,17
5,4,728,45,566,105,12
5,1,728,25,682,0,21
5,0,728,5,591,115,17
5,2,728,25,703,0,0
5,5,730,65,555,110,0
5,5,730,65,555,110,0
5,6,730,65,555,110,0
5,6,730,65,555,110,0
5,4,730,45,568,105,12
5,1,730,25,684,0,21
5,0,730,5,593,115,17
5,2,730,25,705,0,0
5,4,730,45,568,105,12
5,4,730,45,568,105,12
5,1,730,25,684,0,21
5,0,730,5,593,115,17
5,1,730,25,684,0,21
5,3,730,25,699,0,6
5,1,730,25,684,0,21
5,0,730,5,593,115,17
5,4,731,45,569,105,12
5,4,731,45,569,105,12
5,2,731,25,706,0,0
5,3,731,25,700,0,6
5,4,731,45,569,105,12
5,4,731,45,569,105,12
5,0,731,5,594,115,17
5,1,731,25,685,0,21
5,1,731,25,685,0,21
5,4,731,45,569,105,12
5,0,731,5,594,115,17
5,0,732,5,595,115,17
5,0,732,5,595,115,17
5,1,733,25,687,0,21
5,0,733,5,596,115,17
5,0,733,5,596,115,17
5,3,733,25,702,0,6
5,0,733,5,596,115,17
5,4,733,45,571,105,12
5,1,733,25,687,0,21
5,0,733,5,596,115,17
5,3,733,25,702,0,6
5,5,735,65,560,110,0
5,5,735,65,560,110,0
5,6,735,65,560,110,0
5,6,735,65,560,110,0
5,3,735,25,704,0,6
5,1,735,25,689,0,21
5,0,735,5,598,115,17
5,2,735,25,710,0,0
5,4,735,45,573,105,12
5,4,735,45,573,105,12
5,1,735,25,689,0,21
5,0,735,5,598,115,17
5,1,735,25,689,0,21
5,4,735,45,573,105,12
5,1,735,25,689,0,21
5,0,735,5,598,115,17
5,4,736,45,574,105,12
5,4,736,45,574,105,12
5,2,736,25,711,0,0
5,3,736,25,705,0,6
5,4,736,45,574,105,12
5,4,736,45,574,105,12
5,0,736,5,599,115,17
5,1,736,25,690,0,21
5,1,736,25,690,0,21
5,4,736,45,574,105,12
5,0,736,5,599,115,17
5,0,737,5,600,115,17
5,0,737,5,600,115,17
5,1,738,25,692,0,21
5,0,738,5,601,115,17
5,3,738,25,707,0,6
5,3,738,25,707,0,6
5,4,738,45,574,107,12
5,0,738,5,601,115,17
5,0,738,5,601,115,17
5,1,738,25,692,0,21
5,0,738,5,601,115,17
5,5,740,65,565,110,0
5,5,740,65,565,110,0
5,6,740,65,565,110,0
5,6,740,65,565,110,0
5,4,740,45,574,109,12
5,3,740,25,709,0,6
5,4,740,45,574,109,12
5,1,740,25,694,0,21
5,1,740,25,694,0,21
5,0,740,5,603,115,17
5,1,740,25,694,0,21
5,0,740,5,603,115,17
5,4,740,45,574,109,12
5,2,740,25,715,0,0
5,1,740,25,694,0,21
5,0,740,5,603,115,17
5,4,741,45,574,110,12
5,4,741,45,574,110,12
5,0,742,5,605,115,17
5,0,742,5,605,115,17
5,5,745,65,570,110,0
5,5,745,65,570,110,0
5,6,745,65,570,110,0
5,6,745,65,570,110,0
5,2,745,25,720,0,0
5,4,745,45,578,110,12
5,4,745,45,578,110,12
5,1,745,25,699,0,21
5,0,745,5,605,118,17
5,1,745,25,699,0,21
5,3,745,25,714,0,6
5,0,745,5,605,118,17
5,4,746,45,579,110,12
5,4,746,45,579,110,12
5,0,746,5,605,119,17
5,0,746,5,605,119,17
5,0,746,5,605,119,17
5,1,746,25,700,0,21
5,4,746,45,579,110,12
5,3,746,25,715,0,6
5,1,746,25,700,0,21
5,0,746,5,605,119,17
5,2,746,25,721,0,0
5,4,746,45,579,110,12
5,4,746,45,579,110,12
5,1,746,25,700,0,21
5,0,746,5,605,119,17
5,0,747,5,605,120,17
5,0,747,5,605,120,17
5,1,748,25,702,0,21
5,4,748,45,581,110,12
5,1,748,25,702,0,21
5,0,748,5,606,120,17
5,2,748,25,723,0,0
5,4,748,45,581,110,12
5,2,748,25,723,0,0
5,1,748,25,702,0,21
5,0,748,5,606,120,17
5,5,750,65,575,110,0
5,5,750,65,575,110,0
5,6,750,65,575,110,0
5,6,750,65,575,110,0
5,2,750,25,725,0,0
5,3,750,25,719,0,6
5,4,750,45,583,110,12
5,1,750,25,704,0,21
5,0,750,5,608,120,17
5,4,750,45,583,110,12
5,1,750,25,704,0,21
5,0,750,5,608,120,17
5,4,751,45,584,110,12
5,4,751,45,584,110,12
5,2,751,25,726,0,0
5,3,751,25,720,0,6
5,4,751,45,584,110,12
5,4,751,45,584,110,12
5,1,751,25,705,0,21
5,0,751,5,609,120,17
5,4,751,45,584,110,12
5,1,751,25,705,0,21
5,0,751,5,609,120,17
5,0,752,5,610,120,17
5,0,752,5,610,120,17
5,2,753,25,728,0,0
5,0,753,5,611,120,17
5,0,753,5,611,120,17
5,1,753,25,707,0,21
5,0,753,5,611,120,17
5,2,753,25,728,0,0
5,4,753,45,586,110,12
5,1,753,25,707,0,21
5,0,753,5,611,120,17
5,5,755,65,575,115,0
5,5,755,65,575,115,0
5,6,755,65,575,115,0
5,6,755,65,575,115,0
5,1,755,25,709,0,21
5,4,755,45,588,110,12
5,1,755,25,709,0,21
5,0,755,5,613,120,17
5,4,756,45,589,110,12
5,4,756,45,589,110,12
5,2,756,25,731,0,0
5,3,756,25,725,0,6
5,4,756,45,589,110,12
5,4,756,45,589,110,12
5,0,756,5,614,120,17
5,1,756,25,710,0,21
5,1,756,25,710,0,21
5,4,756,45,589,110,12
5,0,756,5,614,120,17
5,0,757,5,615,120,17
5,0,757,5,615,120,17
5,1,758,25,712,0,21
5,0,758,5,616,120,17
5,0,758,5,616,120,17
5,3,758,25,727,0,6
5,0,758,5,616,120,17
5,4,758,45,591,110,12
5,1,758,25,712,0,21
5,0,758,5,616,120,17
5,3,758,25,727,0,6
5,5,760,65,580,115,0
5,5,760,65,580,115,0
5,6,760,65,580,115,0
5,6,760,65,580,115,0
5,3,760,25,729,0,6
5,4,760,45,593,110,12
5,1,760,25,714,0,21
5,4,760,45,593,110,12
5,1,760,25,714,0,21
5,4,760,45,593,110,12
5,0,760,5,618,120,17
5,1,760,25,714,0,21
5,0,760,5,618,120,17
5,1,760,25,714,0,21
5,0,760,5,618,120,17
5,2,760,25,735,0,0
5,4,761,45,594,110,12
5,4,761,45,594,110,12
5,2,761,25,736,0,0
5,4,761,45,594,110,12
5,1,761,25,715,0,21
5,0,761,5,619,120,17
5,4,761,45,594,110,12
5,4,761,45,594,110,12
5,1,761,25,715,0,21
5,0,761,5,619,120,17
5,3,761,25,730,0,6
5,0,762,5,620,120,17
5,0,762,5,620,120,17
5,3,763,25,732,0,6
5,0,763,5,621,120,17
5,0,763,5,621,120,17
5,1,763,25,717,0,21
5,0,763,5,621,120,17
5,3,763,25,732,0,6
5,4,763,45,596,110,12
5,1,763,25,717,0,21
5,0,763,5,621,120,17
5,5,765,65,585,115,0
5,5,765,65,585,115,0
5,6,765,65,585,115,0
5,6,765,65,585,115,0
5,3,765,25,734,0,6
5,1,765,25,719,0,21
5,0,765,5,623,120,17
5,2,765,25,740,0,0
5,4,765,45,598,110,12
5,4,765,45,598,110,12
5,1,765,25,719,0,21
5,0,765,5,623,120,17
5,1,765,25,719,0,21
5,4,765,45,598,110,12
5,1,765,25,719,0,21
5,0,765,5,623,120,17
5,4,766,45,599,110,12
5,4,766,45,599,110,12
5,2,766,25,741,0,0
5,3,766,25,735,0,6
5,4,766,45,599,110,12
5,1,766,25,720,0,21
5,0,766,5,624,120,17
5,4,766,45,599,110,12
5,1,766,25,720,0,21
5,0,766,5,624,120,17
5,4,766,45,599,110,12
5,0,767,5,625,120,17
5,0,767,5,625,120,17
5,2,768,25,743,0,0
5,0,768,5,626,120,17
5,1,768,25,722,0,21
5,0,768,5,626,120,17
5,0,768,5,626,120,17
5,2,768,25,743,0,0
5,4,768,45,599,112,12
5,1,768,25,722,0,21
5,0,768,5,626,120,17
5,5,770,65,590,115,0
5,5,770,65,590,115,0
5,6,770,65,590,115,0
5,6,770,65,590,115,0
5,4,770,45,599,114,12
5,3,770,25,739,0,6
5,4,770,45,599,114,12
5,1,770,25,724,0,21
5,1,770,25,724,0,21
5,0,770,5,628,120,17
5,1,770,25,724,0,21
5,0,770,5,628,120,17
5,4,770,45,599,114,12
5,2,770,25,745,0,0
5,1,770,25,724,0,21
5,0,770,5,628,120,17
5,4,771,45,599,115,12
5,4,771,45,599,115,12
5,0,772,5,630,120,17
5,0,772,5,630,120,17
5,5,775,65,595,115,0
5,5,775,65,595,115,0
5,6,775,65,595,115,0
5,6,775,65,595,115,0
5,2,775,25,750,0,0
5,4,775,45,603,115,12
5,4,775,45,603,115,12
5,1,775,25,729,0,21
5,0,775,5,630,123,17
5,1,775,25,729,0,21
5,3,775,25,744,0,6
5,0,775,5,630,123,17
5,4,776,45,604,115,12
5,4,776,45,604,115,12
5,0,776,5,630,124,17
5,1,776,25,730,0,21
5,0,776,5,630,124,17
5,0,776,5,630,124,17
5,4,776,45,604,115,12
5,3,776,25,745,0,6
5,1,776,25,730,0,21
5,0,776,5,630,124,17
5,2,776,25,751,0,0
5,4,776,45,604,115,12
5,4,776,45,604,115,12
5,1,776,25,730,0,21
5,0,776,5,630,124,17
5,0,777,5,630,125,17
5,0,777,5,630,125,17
5,1,778,25,732,0,21
5,4,778,45,606,115,12
5,1,778,25,732,0,21
5,0,778,5,631,125,17
5,2,778,25,753,0,0
5,4,778,45,606,115,12
5,2,778,25,753,0,0
5,1,778,25,732,0,21
5,0,778,5,631,125,17
5,5,780,65,600,115,0
5,5,780,65,600,115,0
5,6,780,65,600,115,0
5,6,780,65,600,115,0
5,2,780,25,755,0,0
5,3,780,25,749,0,6
5,4,780,45,608,115,12
5,1,780,25,734,0,21
5,0,780,5,633,125,17
5,4,780,45,608,115,12
5,1,780,25,734,0,21
5,0,780,5,633,125,17
5,4,781,45,609,115,12
5,4,781,45,609,115,12
5,2,781,25,756,0,0
5,3,781,25,750,0,6
5,4,781,45,609,115,12
5,4,781,45,609,115,12
5,0,781,5,634,125,17
5,1,781,25,735,0,21
5,1,781,25,735,0,21
5,4,781,45,609,115,12
5,0,781,5,634,125,17
5,0,782,5,635,125,17
5,0,782,5,635,125,17
5,1,783,25,737,0,21
5,0,783,5,636,125,17
5,3,783,25,752,0,6
5,3,783,25,752,0,6
5,1,783,25,737,0,21
5,0,783,5,636,125,17
5,0,783,5,636,125,17
5,0,783,5,636,125,17
5,4,783,45,611,115,12
5,5,785,65,600,120,0
5,5,785,65,600,120,0
5,6,785,65,600,120,0
5,6,785,65,600,120,0
5,1,785,25,739,0,21
5,4,785,45,613,115,12
5,1,785,25,739,0,21
5,0,785,5,638,125,17
5,4,786,45,614,115,12
5,4,786,45,614,115,12
5,2,786,25,761,0,0
5,4,786,45,614,115,12
5,1,786,25,740,0,21
5,0,786,5,639,125,17
5,4,786,45,614,115,12
5,4,786,45,614,115,12
5,1,786,25,740,0,21
5,0,786,5,639,125,17
5,3,786,25,755,0,6
5,0,787,5,640,125,17
5,0,787,5,640,125,17
5,3,788,25,757,0,6
5,1,788,25,742,0,21
5,0,788,5,641,125,17
5,0,788,5,641,125,17
5,0,788,5,641,125,17
5,4,788,45,616,115,12
5,1,788,25,742,0,21
5,0,788,5,641,125,17
5,3,788,25,757,0,6
5,5,790,65,605,120,0
5,5,790,65,605,120,0
5,6,790,65,605,120,0
5,6,790,65,605,120,0
5,3,790,25,759,0,6
5,4,790,45,618,115,12
5,1,790,25,744,0,21
5,0,790,5,643,125,17
5,2,790,25,765,0,0
5,1,790,25,744,0,21
5,4,790,45,618,115,12
5,1,790,25,744,0,21
5,0,790,5,643,125,17
5,4,790,45,618,115,12
5,1,790,25,744,0,21
5,0,790,5,643,125,17
5,4,791,45,619,115,12
5,4,791,45,619,115,12
5,2,791,25,766,0,0
5,3,791,25,760,0,6
5,4,791,45,619,115,12
5,4,791,45,619,115,12
5,1,791,25,745,0,21
5,0,791,5,644,125,17
5,4,791,45,619,115,12
5,1,791,25,745,0,21
5,0,791,5,644,125,17
5,0,792,5,645,125,17
5,0,792,5,645,125,17
5,1,793,25,747,0,21
5,0,793,5,646,125,17
5,0,793,5,646,125,17
5,2,793,25,768,0,0
5,0,793,5,646,125,17
5,4,793,45,621,115,12
5,1,793,25,747,0,21
5,0,793,5,646,125,17
5,2,793,25,768,0,0
5,5,795,65,610,120,0
5,5,795,65,610,120,0
5,6,795,65,610,120,0
5,6,795,65,610,120,0
5,3,795,25,764,0,6
5,4,795,45,623,115,12
5,1,795,25,749,0,21
5,0,795,5,648,125,17
5,2,795,25,770,0,0
5,4,795,45,623,115,12
5,4,795,45,623,115,12
5,1,795,25,749,0,21
5,0,795,5,648,125,17
5,1,795,25,749,0,21
5,1,795,25,749,0,21
5,0,795,5,648,125,17
5,4,796,45,624,115,12
5,4,796,45,624,115,12
5,2,796,25,771,0,0
5,3,796,25,765,0,6
5,4,796,45,624,115,12
5,1,796,25,750,0,21
5,0,796,5,649,125,17
5,4,796,45,624,115,12
5,1,796,25,750,0,21
5,0,796,5,649,125,17
5,4,796,45,624,115,12
5,0,797,5,650,125,17
5,0,797,5,650,125,17
5,2,798,25,773,0,0
5,0,798,5,651,125,17
5,1,798,25,752,0,21
5,0,798,5,651,125,17
5,0,798,5,651,125,17
5,2,798,25,773,0,0
5,4,798,45,624,117,12
5,1,798,25,752,0,21
5,0,798,5,651,125,17
5,5,800,65,615,120,0
5,5,800,65,615,120,0
5,6,800,65,615,120,0
5,6,800,65,615,120,0
5,4,800,45,624,119,12
5,3,800,25,769,0,6
5,4,800,45,624,119,12
5,1,800,25,754,0,21
5,1,800,25,754,0,21
5,0,800,5,653,125,17
5,1,800,25,754,0,21
5,0,800,5,653,125,17
5,4,800,45,624,119,12
5,2,800,25,775,0,0
5,1,800,25,754,0,21
5,0,800,5,653,125,17
5,4,801,45,624,120,12
5,4,801,45,624,120,12
5,0,802,5,655,125,17
5,0,802,5,655,125,17
5,5,805,65,620,120,0
5,5,805,65,620,120,0
5,6,805,65,620,120,0
5,6,805,65,620,120,0
5,2,805,25,780,0,0
5,4,805,45,628,120,12
5,4,805,45,628,120,12
5,1,805,25,759,0,21
5,0,805,5,655,128,17
5,1,805,25,759,0,21
5,3,805,25,774,0,6
5,0,805,5,655,128,17
5,4,806,45,629,120,12
5,4,806,45,629,120,12
5,0,806,5,655,129,17
5,1,806,25,760,0,21
5,0,806,5,655,129,17
5,0,806,5,655,129,17
5,4,806,45,629,120,12
5,3,806,25,775,0,6
5,1,806,25,760,0,21
5,2,806,25,781,0,0
5,0,806,5,655,129,17
5,4,806,45,629,120,12
5,1,806,25,760,0,21
5,0,806,5,655,129,17
5,4,806,45,629,120,12
5,0,807,5,655,130,17
5,0,807,5,655,130,17
5,1,808,25,762,0,21
5,4,808,45,631,120,12
5,1,808,25,762,0,21
5,0,808,5,656,130,17
5,3,808,25,777,0,6
5,4,808,45,631,120,12
5,3,808,25,777,0,6
5,1,808,25,762,0,21
5,0,808,5,656,130,17
5,5,810,65,625,120,0
5,5,810,65,625,120,0
5,6,810,65,625,120,0
5,6,810,65,625,120,0
5,2,810,25,785,0,0
5,3,810,25,779,0,6
5,4,810,45,633,120,12
5,1,810,25,764,0,21
5,0,810,5,658,130,17
5,4,810,45,633,120,12
5,1,810,25,764,0,21
5,0,810,5,658,130,17
5,4,811,45,634,120,12
5,4,811,45,634,120,12
5,2,811,25,786,0,0
5,3,811,25,780,0,6
5,4,811,45,634,120,12
5,4,811,45,634,120,12
5,0,811,5,659,130,17
5,1,811,25,765,0,21
5,1,811,25,765,0,21
5,4,811,45,634,120,12
5,0,811,5,659,130,17
5,0,812,5,660,130,17
5,0,812,5,660,130,17
5,1,813,25,767,0,21
5,0,813,5,661,130,17
5,3,813,25,782,0,6
5,3,813,25,782,0,6
5,1,813,25,767,0,21
5,0,813,5,661,130,17
5,0,813,5,661,130,17
5,0,813,5,661,130,17
5,4,813,45,636,120,12
5,5,815,65,625,125,0
5,5,815,65,625,125,0
5,6,815,65,625,125,0
5,6,815,65,625,125,0
5,1,815,25,769,0,21
5,4,815,45,638,120,12
5,1,815,25,769,0,21
5,0,815,5,663,130,17
5,4,816,45,639,120,12
5,4,816,45,639,120,12
5,2,816,25,791,0,0
5,3,816,25,785,0,6
5,4,816,45,639,120,12
5,4,816,45,639,120,12
5,1,816,25,770,0,21
5,0,816,5,664,130,17
5,4,816,45,639,120,12
5,1,816,25,770,0,21
5,0,816,5,664,130,17
5,0,817,5,665,130,17
5,0,817,5,665,130,17
5,1,818,25,772,0,21
5,0,818,5,666,130,17
5,0,818,5,666,130,17
5,2,818,25,793,0,0
5,0,818,5,666,130,17
5,4,818,45,641,120,12
5,1,818,25,772,0,21
5,0,818,5,666,130,17
5,2,818,25,793,0,0
5,5,820,65,630,125,0
5,5,820,65,630,125,0
5,6,820,65,630,125,0
5,6,820,65,630,125,0
5,3,820,25,789,0,6
5,1,820,25,774,0,21
5,4,820,45,643,120,12
5,1,820,25,774,0,21
5,4,820,45,643,120,12
5,2,820,25,795,0,0
5,0,820,5,668,130,17
5,1,820,25,774,0,21
5,4,820,45,643,120,12
5,0,820,5,668,130,17
5,1,820,25,774,0,21
5,0,820,5,668,130,17
5,4,821,45,644,120,12
5,4,821,45,644,120,12
5,2,821,25,796,0,0
5,3,821,25,790,0,6
5,4,821,45,644,120,12
5,1,821,25,775,0,21
5,0,821,5,669,130,17
5,4,821,45,644,120,12
5,4,821,45,644,120,12
5,1,821,25,775,0,21
5,0,821,5,669,130,17
5,0,822,5,670,130,17
5,0,822,5,670,130,17
5,2,823,25,798,0,0
5,0,823,5,671,130,17
5,0,823,5,671,130,17
5,1,823,25,777,0,21
5,0,823,5,671,130,17
5,2,823,25,798,0,0
5,4,823,45,646,120,12
5,1,823,25,777,0,21
5,0,823,5,671,130,17
5,5,825,65,635,125,0
5,5,825,65,635,125,0
5,6,825,65,635,125,0
5,6,825,65,635,125,0
5,3,825,25,794,0,6
5,4,825,45,648,120,12
5,1,825,25,779,0,21
5,0,825,5,673,130,17
5,2,825,25,800,0,0
5,4,825,45,648,120,12
5,1,825,25,779,0,21
5,0,825,5,673,130,17
5,1,825,25,779,0,21
5,4,825,45,648,120,12
5,1,825,25,779,0,21
5,0,825,5,673,130,17
5,4,826,45,649,120,12
5,4,826,45,649,120,12
5,2,826,25,801,0,0
5,3,826,25,795,0,6
5,4,826,45,649,120,12
5,4,826,45,649,120,12
5,0,826,5,674,130,17
5,1,826,25,780,0,21
5,1,826,25,780,0,21
5,4,826,45,649,120,12
5,0,826,5,674,130,17
5,0,827,5,675,130,17
5,0,827,5,675,130,17
5,3,828,25,797,0,6
5,0,828,5,676,130,17
5,1,828,25,782,0,21
5,0,828,5,676,130,17
5,0,828,5,676,130,17
5,3,828,25,797,0,6
5,4,828,45,649,122,12
5,1,828,25,782,0,21
5,0,828,5,676,130,17
5,5,830,65,640,125,0
5,5,830,65,640,125,0
5,6,830,65,640,125,0
5,6,830,65,640,125,0
5,4,830,45,649,124,12
5,3,830,25,799,0,6
5,4,830,45,649,124,12
5,1,830,25,784,0,21
5,1,830,25,784,0,21
5,0,830,5,678,130,17
5,1,830,25,784,0,21
5,0,830,5,678,130,17
5,4,830,45,649,124,12
5,2,830,25,805,0,0
5,1,830,25,784,0,21
5,0,830,5,678,130,17
5,4,831,45,649,125,12
5,4,831,45,649,125,12
5,0,832,5,680,130,17
5,0,832,5,680,130,17
5,5,835,65,645,125,0
5,5,835,65,645,125,0
5,6,835,65,645,125,0
5,6,835,65,645,125,0
5,2,835,25,810,0,0
5,4,835,45,653,125,12
5,4,835,45,653,125,12
5,1,835,25,789,0,21
5,0,835,5,680,133,17
5,1,835,25,789,0,21
5,3,835,25,804,0,6
5,0,835,5,680,133,17
5,4,836,45,654,125,12
5,4,836,45,654,125,12
5,0,836,5,680,134,17
5,1,836,25,790,0,21
5,0,836,5,680,134,17
5,0,836,5,680,134,17
5,4,836,45,654,125,12
5,3,836,25,805,0,6
5,1,836,25,790,0,21
5,2,836,25,811,0,0
5,0,836,5,680,134,17
5,4,836,45,654,125,12
5,1,836,25,790,0,21
5,0,836,5,680,134,17
5,4,836,45,654,125,12
5,0,837,5,680,135,17
5,0,837,5,680,135,17
5,1,838,25,792,0,21
5,4,838,45,656,125,12
5,1,838,25,792,0,21
5,0,838,5,681,135,17
5,3,838,25,807,0,6
5,4,838,45,656,125,12
5,3,838,25,807,0,6
5,1,838,25,792,0,21
5,0,838,5,681,135,17
5,5,840,65,650,125,0
5,5,840,65,650,125,0
5,6,840,65,650,125,0
5,6,840,65,650,125,0
5,2,840,25,815,0,0
5,3,840,25,809,0,6
5,4,840,45,658,125,12
5,1,840,25,794,0,21
5,0,840,5,683,135,17
5,4,840,45,658,125,12
5,1,840,25,794,0,21
5,0,840,5,683,135,17
5,4,841,45,659,125,12
5,4,841,45,659,125,12
5,2,841,25,816,0,0
5,3,841,25,810,0,6
5,4,841,45,659,125,12
5,4,841,45,659,125,12
5,1,841,25,795,0,21
5,0,841,5,684,135,17
5,4,841,45,659,125,12
5,1,841,25,795,0,21
5,0,841,5,684,135,17
5,0,842,5,685,135,17
5,0,842,5,685,135,17
5,2,843,25,818,0,0
5,0,843,5,686,135,17
5,0,843,5,686,135,17
5,1,843,25,797,0,21
5,0,843,5,686,135,17
5,2,843,25,818,0,0
5,4,843,45,661,125,12
5,1,843,25,797,0,21
5,0,843,5,686,135,17
5,5,845,65,650,130,0
5,5,845,65,650,130,0
5,6,845,65,650,130,0
5,6,845,65,650,130,0
5,1,845,25,799,0,21
5,4,845,45,663,125,12
5,1,845,25,799,0,21
5,0,845,5,688,135,17
5,4,846,45,664,125,12
5,4,846,45,664,125,12
5,2,846,25,821,0,0
5,3,846,25,815,0,6
5,4,846,45,664,125,12
5,1,846,25,800,0,21
5,0,846,5,689,135,17
5,4,846,45,664,125,12
5,4,846,45,664,125,12
5,1,846,25,800,0,21
5,0,846,5,689,135,17
5,0,847,5,690,135,17
5,0,847,5,690,135,17
5,2,848,25,823,0,0
5,1,848,25,802,0,21
5,0,848,5,691,135,17
5,0,848,5,691,135,17
5,0,848,5,691,135,17
5,4,848,45,666,125,12
5,1,848,25,802,0,21
5,0,848,5,691,135,17
5,2,848,25,823,0,0
5,5,850,65,655,130,0
5,5,850,65,655,130,0
5,6,850,65,655,130,0
5,6,850,65,655,130,0
5,4,850,45,668,125,12
5,1,850,25,804,0,21
5,0,850,5,693,135,17
5,2,850,25,825,0,0
5,4,850,45,668,125,12
5,4,850,45,668,125,12
5,1,850,25,804,0,21
5,0,850,5,693,135,17
5,1,850,25,804,0,21
5,3,850,25,819,0,6
5,1,850,25,804,0,21
5,0,850,5,693,135,17
5,4,851,45,669,125,12
5,4,851,45,669,125,12
5,2,851,25,826,0,0
5,3,851,25,820,0,6
5,4,851,45,669,125,12
5,4,851,45,669,125,12
5,0,851,5,694,135,17
5,1,851,25,805,0,21
5,1,851,25,805,0,21
5,4,851,45,669,125,12
5,0,851,5,694,135,17
5,0,852,5,695,135,17
5,0,852,5,695,135,17
5,1,853,25,807,0,21
5,0,853,5,696,135,17
5,0,853,5,696,135,17
5,3,853,25,822,0,6
5,0,853,5,696,135,17
5,4,853,45,671,125,12
5,1,853,25,807,0,21
5,0,853,5,696,135,17
5,3,853,25,822,0,6
5,5,855,65,660,130,0
5,5,855,65,660,130,0
5,6,855,65,660,130,0
5,6,855,65,660,130,0
5,3,855,25,824,0,6
5,1,855,25,809,0,21
5,0,855,5,698,135,17
5,2,855,25,830,0,0
5,4,855,45,673,125,12
5,4,855,45,673,125,12
5,1,855,25,809,0,21
5,0,855,5,698,135,17
5,1,855,25,809,0,21
5,4,855,45,673,125,12
5,1,855,25,809,0,21
5,0,855,5,698,135,17
5,4,856,45,674,125,12
5,4,856,45,674,125,12
5,2,856,25,831,0,0
5,3,856,25,825,0,6
5,4,856,45,674,125,12
5,4,856,45,674,125,12
5,0,856,5,699,135,17
5,1,856,25,810,0,21
5,1,856,25,810,0,21
5,4,856,45,674,125,12
5,0,856,5,699,135,17
5,0,857,5,700,135,17
5,0,857,5,700,135,17
5,1,858,25,812,0,21
5,0,858,5,701,135,17
5,3,858,25,827,0,6
5,3,858,25,827,0,6
5,4,858,45,674,127,12
5,0,858,5,701,135,17
5,0,858,5,701,135,17
5,1,858,25,812,0,21
5,0,858,5,701,135,17
5,5,860,65,665,130,0
5,5,860,65,665,130,0
5,6,860,65,665,130,0
5,6,860,65,665,130,0
5,4,860,45,674,129,12
5,3,860,25,829,0,6
5,4,860,45,674,129,12
5,1,860,25,814,0,21
5,1,860,25,814,0,21
5,0,860,5,703,135,17
5,1,860,25,814,0,21
5,0,860,5,703,135,17
5,4,860,45,674,129,12
5,2,860,25,835,0,0
5,1,860,25,814,0,21
5,0,860,5,703,135,17
5,4,861,45,674,130,12
5,4,861,45,674,130,12
5,0,862,5,705,135,17
5,0,862,5,705,135,17
5,5,865,65,670,130,0
5,5,865,65,670,130,0
5,6,865,65,670,130,0
5,6,865,65,670,130,0
5,2,865,25,840,0,0
5,4,865,45,678,130,12
5,4,865,45,678,130,12
5,1,865,25,819,0,21
5,0,865,5,705,138,17
5,1,865,25,819,0,21
5,3,865,25,834,0,6
5,0,865,5,705,138,17
5,4,866,45,679,130,12
5,4,866,45,679,130,12
5,0,866,5,705,139,17
5,0,866,5,705,139,17
5,0,866,5,705,139,17
5,1,866,25,820,0,21
5,4,866,45,679,130,12
5,3,866,25,835,0,6
5,1,866,25,820,0,21
5,0,866,5,705,139,17
5,2,866,25,841,0,0
5,4,866,45,679,130,12
5,4,866,45,679,130,12
5,1,866,25,820,0,21
5,0,866,5,705,139,17
5,0,867,5,705,140,17
5,0,867,5,705,140,17
5,1,868,25,822,0,21
5,4,868,45,681,130,12
5,1,868,25,822,0,21
5,0,868,5,706,140,17
5,2,868,25,843,0,0
5,4,868,45,681,130,12
5,2,868,25,843,0,0
5,1,868,25,822,0,21
5,0,868,5,706,140,17
5,5,870,65,675,130,0
5,5,870,65,675,130,0
5,6,870,65,675,130,0
5,6,870,65,675,130,0
5,2,870,25,845,0,0
5,3,870,25,839,0,6
5,4,870,45,683,130,12
5,1,870,25,824,0,21
5,0,870,5,708,140,17
5,4,870,45,683,130,12
5,1,870,25,824,0,21
5,0,870,5,708,140,17
5,4,871,45,684,130,12
5,4,871,45,684,130,12
5,2,871,25,846,0,0
5,3,871,25,840,0,6
5,4,871,45,684,130,12
5,4,871,45,684,130,12
5,1,871,25,825,0,21
5,0,871,5,709,140,17
5,4,871,45,684,130,12
5,1,871,25,825,0,21
5,0,871,5,709,140,17
5,0,872,5,710,140,17
5,0,872,5,710,140,17
5,2,873,25,848,0,0
5,0,873,5,711,140,17
5,0,873,5,711,140,17
5,1,873,25,827,0,21
5,0,873,5,711,140,17
5,2,873,25,848,0,0
5,4,873,45,686,130,12
5,1,873,25,827,0,21
5,0,873,5,711,140,17
5,5,875,65,675,135,0
5,5,875,65,675,135,0
5,6,875,65,675,135,0
5,6,875,65,675,135,0
5,1,875,25,829,0,21
5,4,875,45,688,130,12
5,1,875,25,829,0,21
5,0,875,5,713,140,17
5,4,876,45,689,130,12
5,4,876,45,689,130,12
5,2,876,25,851,0,0
5,3,876,25,845,0,6
5,4,876,45,689,130,12
5,4,876,45,689,130,12
5,0,876,5,714,140,17
5,1,876,25,830,0,21
5,1,876,25,830,0,21
5,4,876,45,689,130,12
5,0,876,5,714,140,17
5,0,877,5,715,140,17
5,0,877,5,715,140,17
5,1,878,25,832,0,21
5,0,878,5,716,140,17
5,0,878,5,716,140,17
5,3,878,25,847,0,6
5,0,878,5,716,140,17
5,4,878,45,691,130,12
5,1,878,25,832,0,21
5,0,878,5,716,140,17
5,3,878,25,847,0,6
5,5,880,65,680,135,0
5,5,880,65,680,135,0
5,6,880,65,680,135,0
5,6,880,65,680,135,0
5,3,880,25,849,0,6
5,4,880,45,693,130,12
5,1,880,25,834,0,21
5,4,880,45,693,130,12
5,1,880,25,834,0,21
5,4,880,45,693,130,12
5,0,880,5,718,140,17
5,1,880,25,834,0,21
5,0,880,5,718,140,17
5,1,880,25,834,0,21
5,0,880,5,718,140,17
5,2,880,25,855,0,0
5,4,881,45,694,130,12
5,4,881,45,694,130,12
5,2,881,25,856,0,0
5,4,881,45,694,130,12
5,1,881,25,835,0,21
5,0,881,5,719,140,17
5,4,881,45,694,130,12
5,4,881,45,694,130,12
5,1,881,25,835,0,21
5,0,881,5,719,140,17
5,3,881,25,850,0,6
5,0,882,5,720,140,17
5,0,882,5,720,140,17
5,3,883,25,852,0,6
5,0,883,5,721,140,17
5,0,883,5,721,140,17
5,1,883,25,837,0,21
5,0,883,5,721,140,17
5,3,883,25,852,0,6
5,4,883,45,696,130,12
5,1,883,25,837,0,21
5,0,883,5,721,140,17
5,5,885,65,685,135,0
5,5,885,65,685,135,0
5,6,885,65,685,135,0
5,6,885,65,685,135,0
5,3,885,25,854,0,6
5,1,885,25,839,0,21
5,0,885,5,723,140,17
5,2,885,25,860,0,0
5,4,885,45,698,130,12
5,4,885,45,698,130,12
5,1,885,25,839,0,21
5,0,885,5,723,140,17
5,1,885,25,839,0,21
5,4,885,45,698,130,12
5,1,885,25,839,0,21
5,0,885,5,723,140,17
5,4,886,45,699,130,12
5,4,886,45,699,130,12
5,2,886,25,861,0,0
5,3,886,25,855,0,6
5,4,886,45,699,130,12
5,1,886,25,840,0,21
5,0,886,5,724,140,17
5,4,886,45,699,130,12
5,1,886,25,840,0,21
5,0,886,5,724,140,17
5,4,886,45,699,130,12
5,0,887,5,725,140,17
5,0,887,5,725,140,17
5,2,888,25,863,0,0
5,0,888,5,726,140,17
5,1,888,25,842,0,21
5,0,888,5,726,140,17
5,0,888,5,726,140,17
5,2,888,25,863,0,0
5,4,888,45,699,132,12
5,1,888,25,842,0,21
5,0,888,5,726,140,17
5,5,890,65,690,135,0
5,5,890,65,690,135,0
5,6,890,65,690,135,0
5,6,890,65,690,135,0
5,4,890,45,699,134,12
5,3,890,25,859,0,6
5,4,890,45,699,134,12
5,1,890,25,844,0,21
5,1,890,25,844,0,21
5,0,890,5,728,140,17
5,1,890,25,844,0,21
5,0,890,5,728,140,17
5,4,890,45,699,134,12
5,2,890,25,865,0,0
5,1,890,25,844,0,21
5,0,890,5,728,140,17
5,4,891,45,699,135,12
5,4,891,45,699,135,12
5,0,892,5,730,140,17
5,0,892,5,730,140,17
5,5,895,65,695,135,0
5,5,895,65,695,135,0
5,6,895,65,695,135,0
5,6,895,65,695,135,0
5,2,895,25,870,0,0
5,4,895,45,703,135,12
5,4,895,45,703,135,12
5,1,895,25,849,0,21
5,0,895,5,730,143,17
5,1,895,25,849,0,21
5,3,895,25,864,0,6
5,0,895,5,730,143,17
5,4,896,45,704,135,12
5,4,896,45,704,135,12
5,0,896,5,730,144,17
5,1,896,25,850,0,21
5,0,896,5,730,144,17
5,0,896,5,730,144,17
5,4,896,45,704,135,12
5,3,896,25,865,0,6
5,1,896,25,850,0,21
5,0,896,5,730,144,17
5,2,896,25,871,0,0
5,4,896,45,704,135,12
5,4,896,45,704,135,12
5,1,896,25,850,0,21
5,0,896,5,730,144,17
5,0,897,5,730,145,17
5,0,897,5,730,145,17
5,1,898,25,852,0,21
5,4,898,45,706,135,12
5,1,898,25,852,0,21
5,0,898,5,731,145,17
5,2,898,25,873,0,0
5,4,898,45,706,135,12
5,2,898,25,873,0,0
5,1,898,25,852,0,21
5,0,898,5,731,145,17
5,5,900,65,700,135,0
5,5,900,65,700,135,0
5,6,900,65,700,135,0
5,6,900,65,700,135,0
5,2,900,25,875,0,0
5,3,900,25,869,0,6
5,4,900,45,708,135,12
5,1,900,25,854,0,21
5,0,900,5,733,145,17
5,4,900,45,708,135,12
5,1,900,25,854,0,21
5,0,900,5,733,145,17
5,4,901,45,709,135,12
5,4,901,45,709,135,12
5,2,901,25,876,0,0
5,3,901,25,870,0,6
5,4,901,45,709,135,12
5,4,901,45,709,135,12
5,0,901,5,734,145,17
5,1,901,25,855,0,21
5,1,901,25,855,0,21
5,4,901,45,709,135,12
5,0,901,5,734,145,17
5,0,902,5,735,145,17
5,0,902,5,735,145,17
5,1,903,25,857,0,21
5,0,903,5,736,145,17
5,3,903,25,872,0,6
5,3,903,25,872,0,6
5,1,903,25,857,0,21
5,0,903,5,736,145,17
5,0,903,5,736,145,17
5,0,903,5,736,145,17
5,4,903,45,711,135,12
5,5,905,65,700,140,0
5,5,905,65,700,140,0
5,6,905,65,700,140,0
5,6,905,65,700,140,0
5,1,905,25,859,0,21
5,4,905,45,713,135,12
5,1,905,25,859,0,21
5,0,905,5,738,145,17
5,4,906,45,714,135,12
5,4,906,45,714,135,12
5,2,906,25,881,0,0
5,4,906,45,714,135,12
5,1,906,25,860,0,21
5,0,906,5,739,145,17
5,4,906,45,714,135,12
5,4,906,45,714,135,12
5,1,906,25,860,0,21
5,0,906,5,739,145,17
5,3,906,25,875,0,6
5,0,907,5,740,145,17
5,0,907,5,740,145,17
5,3,908,25,877,0,6
5,1,908,25,862,0,21
5,0,908,5,741,145,17
5,0,908,5,741,145,17
5,0,908,5,741,145,17
5,4,908,45,716,135,12
5,1,908,25,862,0,21
5,0,908,5,741,145,17
5,3,908,25,877,0,6
5,5,910,65,705,140,0
5,5,910,65,705,140,0
5,6,910,65,705,140,0
5,6,910,65,705,140,0
5,3,910,25,879,0,6
5,4,910,45,718,135,12
5,1,910,25,864,0,21
5,0,910,5,743,145,17
5,2,910,25,885,0,0
5,1,910,25,864,0,21
5,4,910,45,718,135,12
5,1,910,25,864,0,21
5,0,910,5,743,145,17
5,4,910,45,718,135,12
5,1,910,25,864,0,21
5,0,910,5,743,145,17
5,4,911,45,719,135,12
5,4,911,45,719,135,12
5,2,911,25,886,0,0
5,3,911,25,880,0,6
5,4,911,45,719,135,12
5,4,911,45,719,135,12
5,1,911,25,865,0,21
5,0,911,5,744,145,17
5,4,911,45,719,135,12
5,1,911,25,865,0,21
5,0,911,5,744,145,17
5,0,912,5,745,145,17
5,0,912,5,745,145,17
5,1,913,25,867,0,21
5,0,913,5,746,145,17
5,0,913,5,746,145,17
5,2,913,25,888,0,0
5,0,913,5,746,145,17
5,4,913,45,721,135,12
5,1,913,25,867,0,21
5,0,913,5,746,145,17
5,2,913,25,888,0,0
5,5,915,65,710,140,0
5,5,915,65,710,140,0
5,6,915,65,710,140,0
5,6,915,65,710,140,0
5,3,915,25,884,0,6
5,4,915,45,723,135,12
5,1,915,25,869,0,21
5,0,915,5,748,145,17
5,2,915,25,890,0,0
5,4,915,45,723,135,12
5,4,915,45,723,135,12
5,1,915,25,869,0,21
5,0,915,5,748,145,17
5,1,915,25,869,0,21
5,1,915,25,869,0,21
5,0,915,5,748,145,17
5,4,916,45,724,135,12
5,4,916,45,724,135,12
5,2,916,25,891,0,0
5,3,916,25,885,0,6
5,4,916,45,724,135,12
5,1,916,25,870,0,21
5,0,916,5,749,145,17
5,4,916,45,724,135,12
5,1,916,25,870,0,21
5,0,916,5,749,145,17
5,4,916,45,724,135,12
5,0,917,5,750,145,17
5,0,917,5,750,145,17
5,2,918,25,893,0,0
5,0,918,5,751,145,17
5,1,918,25,872,0,21
5,0,918,5,751,145,17
5,0,918,5,751,145,17
5,2,918,25,893,0,0
5,4,918,45,724,137,12
5,1,918,25,872,0,21
5,0,918,5,751,145,17
5,5,920,65,715,140,0
5,5,920,65,715,140,0
5,6,920,65,715,140,0
5,6,920,65,715,140,0
5,4,920,45,724,139,12
5,3,920,25,889,0,6
5,4,920,45,724,139,12
5,1,920,25,874,0,21
5,1,920,25,874,0,21
5,0,920,5,753,145,17
5,1,920,25,874,0,21
5,0,920,5,753,145,17
5,4,920,45,724,139,12
5,2,920,25,895,0,0
5,1,920,25,874,0,21
5,0,920,5,753,145,17
5,4,921,45,724,140,12
5,4,921,45,724,140,12
5,0,922,5,755,145,17
5,0,922,5,755,145,17
5,5,925,65,720,140,0
5,5,925,65,720,140,0
5,6,925,65,720,140,0
5,6,925,65,720,140,0
5,2,925,25,900,0,0
5,4,925,45,728,140,12
5,4,925,45,728,140,12
5,1,925,25,879,0,21
5,0,925,5,755,148,17
5,1,925,25,879,0,21
5,3,925,25,894,0,6
5,0,925,5,755,148,17
5,4,926,45,729,140,12
5,4,926,45,729,140,12
5,0,926,5,755,149,17
5,1,926,25,880,0,21
5,0,926,5,755,149,17
5,0,926,5,755,149,17
5,4,926,45,729,140,12
5,3,926,25,895,0,6
5,1,926,25,880,0,21
5,2,926,25,901,0,0
5,0,926,5,755,149,17
5,4,926,45,729,140,12
5,1,926,25,880,0,21
5,0,926,5,755,149,17
5,4,926,45,729,140,12
5,0,927,5,755,150,17
5,0,927,5,755,150,17
5,1,928,25,882,0,21
5,4,928,45,731,140,12
5,1,928,25,882,0,21
5,0,928,5,756,150,17
5,3,928,25,897,0,6
5,4,928,45,731,140,12
5,3,928,25,897,0,6
5,1,928,25,882,0,21
5,0,928,5,756,150,17
5,5,930,65,725,140,0
5,5,930,65,725,140,0
5,6,930,65,725,140,0
5,6,930,65,725,140,0
5,2,930,25,905,0,0
5,3,930,25,899,0,6
5,4,930,45,733,140,12
5,1,930,25,884,0,21
5,0,930,5,758,150,17
5,4,930,45,733,140,12
5,1,930,25,884,0,21
5,0,930,5,758,150,17
5,4,931,45,734,140,12
5,4,931,45,734,140,12
5,2,931,25,906,0,0
5,3,931,25,900,0,6
5,4,931,45,734,140,12
5,4,931,45,734,140,12
5,0,931,5,759,150,17
5,1,931,25,885,0,21
5,1,931,25,885,0,21
5,4,931,45,734,140,12
5,0,931,5,759,150,17
5,0,932,5,760,150,17
5,0,932,5,760,150,17
5,1,933,25,887,0,21
5,0,933,5,761,150,17
5,3,933,25,902,0,6
5,3,933,25,902,0,6
5,1,933,25,887,0,21
5,0,933,5,761,150,17
5,0,933,5,761,150,17
5,0,933,5,761,150,17
5,4,933,45,736,140,12
5,5,935,65,725,145,0
5,5,935,65,725,145,0
5,6,935,65,725,145,0
5,6,935,65,725,145,0
5,1,935,25,889,0,21
5,4,935,45,738,140,12
5,1,935,25,889,0,21
5,0,935,5,763,150,17
5,4,936,45,739,140,12
5,4,936,45,739,140,12
5,2,936,25,911,0,0
5,3,936,25,905,0,6
5,4,936,45,739,140,12
5,4,936,45,739,140,12
5,1,936,25,890,0,21
5,0,936,5,764,150,17
5,4,936,45,739,140,12
5,1,936,25,890,0,21
5,0,936,5,764,150,17
5,0,937,5,765,150,17
5,0,937,5,765,150,17
5,1,938,25,892,0,21
5,0,938,5,766,150,17
5,0,938,5,766,150,17
5,2,938,25,913,0,0
5,0,938,5,766,150,17
5,4,938,45,741,140,12
5,1,938,25,892,0,21
5,0,938,5,766,150,17
5,2,938,25,913,0,0
5,5,940,65,730,145,0
5,5,940,65,730,145,0
5,6,940,65,730,145,0
5,6,940,65,730,145,0
5,3,940,25,909,0,6
5,1,940,25,894,0,21
5,4,940,45,743,140,12
5,1,940,25,894,0,21
5,4,940,45,743,140,12
5,2,940,25,915,0,0
5,0,940,5,768,150,17
5,1,940,25,894,0,21
5,4,940,45,743,140,12
5,0,940,5,768,150,17
5,1,940,25,894,0,21
5,0,940,5,768,150,17
5,4,941,45,744,140,12
5,4,941,45,744,140,12
5,2,941,25,916,0,0
5,3,941,25,910,0,6
5,4,941,45,744,140,12
5,1,941,25,895,0,21
5,0,941,5,769,150,17
5,4,941,45,744,140,12
5,4,941,45,744,140,12
5,1,941,25,895,0,21
5,0,941,5,769,150,17
5,0,942,5,770,150,17
5,0,942,5,770,150,17
5,2,943,25,918,0,0
5,0,943,5,771,150,17
5,0,943,5,771,150,17
5,1,943,25,897,0,21
5,0,943,5,771,150,17
5,2,943,25,918,0,0
5,4,943,45,746,140,12
5,1,943,25,897,0,21
5,0,943,5,771,150,17
5,5,945,65,735,145,0
5,5,945,65,735,145,0
5,6,945,65,735,145,0
5,6,945,65,735,145,0
5,3,945,25,914,0,6
5,4,945,45,748,140,12
5,1,945,25,899,0,21
5,0,945,5,773,150,17
5,2,945,25,920,0,0
5,4,945,45,748,140,12
5,1,945,25,899,0,21
5,0,945,5,773,150,17
5,1,945,25,899,0,21
5,4,945,45,748,140,12
5,1,945,25,899,0,21
5,0,945,5,773,150,17
5,4,946,45,749,140,12
5,4,946,45,749,140,12
5,2,946,25,921,0,0
5,3,946,25,915,0,6
5,4,946,45,749,140,12
5,4,946,45,749,140,12
5,0,946,5,774,150,17
5,1,946,25,900,0,21
5,1,946,25,900,0,21
5,4,946,45,749,140,12
5,0,946,5,774,150,17
5,0,947,5,775,150,17
5,0,947,5,775,150,17
5,3,948,25,917,0,6
5,0,948,5,776,150,17
5,1,948,25,902,0,21
5,0,948,5,776,150,17
5,0,948,5,776,150,17
5,3,948,25,917,0,6
5,4,948,45,749,142,12
5,1,948,25,902,0,21
5,0,948,5,776,150,17
5,5,950,65,740,145,0
5,5,950,65,740,145,0
5,6,950,65,740,145,0
5,6,950,65,740,145,0
5,4,950,45,749,144,12
5,3,950,25,919,0,6
5,4,950,45,749,144,12
5,1,950,25,904,0,21
5,1,950,25,904,0,21
5,0,950,5,778,150,17
5,1,950,25,904,0,21
5,0,950,5,778,150,17
5,4,950,45,749,144,12
5,2,950,25,925,0,0
5,1,950,25,904,0,21
5,0,950,5,778,150,17
5,4,951,45,749,145,12
5,4,951,45,749,145,12
5,0,952,5,780,150,17
5,0,952,5,780,150,17
5,5,955,65,745,145,0
5,5,955,65,745,145,0
5,6,955,65,745,145,0
5,6,955,65,745,145,0
5,2,955,25,930,0,0
5,4,955,45,753,145,12
5,4,955,45,753,145,12
5,1,955,25,909,0,21
5,0,955,5,780,153,17
5,1,955,25,909,0,21
5,3,955,25,924,0,6
5,0,955,5,780,153,17
5,4,956,45,754,145,12
5,4,956,45,754,145,12
5,0,956,5,780,154,17
5,1,956,25,910,0,21
5,0,956,5,780,154,17
5,0,956,5,780,154,17
5,4,956,45,754,145,12
5,3,956,25,925,0,6
5,1,956,25,910,0,21
5,2,956,25,931,0,0
5,0,956,5,780,154,17
5,4,956,45,754,145,12
5,1,956,25,910,0,21
5,0,956,5,780,154,17
5,4,956,45,754,145,12
5,0,957,5,780,155,17
5,0,957,5,780,155,17
5,1,958,25,912,0,21
5,4,958,45,756,145,12
5,1,958,25,912,0,21
5,0,958,5,781,155,17
5,3,958,25,927,0,6
5,4,958,45,756,145,12
5,3,958,25,927,0,6
5,1,958,25,912,0,21
5,0,958,5,781,155,17
5,5,960,65,750,145,0
5,5,960,65,750,145,0
5,6,960,65,750,145,0
5,6,960,65,750,145,0
5,2,960,25,935,0,0
5,3,960,25,929,0,6
5,4,960,45,758,145,12
5,1,960,25,914,0,21
5,0,960,5,783,155,17
5,4,960,45,758,145,12
5,1,960,25,914,0,21
5,0,960,5,783,155,17
5,4,961,45,759,145,12
5,4,961,45,759,145,12
5,2,961,25,936,0,0
5,3,961,25,930,0,6
5,4,961,45,759,145,12
5,4,961,45,759,145,12
5,1,961,25,915,0,21
5,0,961,5,784,155,17
5,4,961,45,759,145,12
5,1,961,25,915,0,21
5,0,961,5,784,155,17
5,0,962,5,785,155,17
5,0,962,5,785,155,17
5,2,963,25,938,0,0
5,0,963,5,786,155,17
5,0,963,5,786,155,17
5,1,963,25,917,0,21
5,0,963,5,786,155,17
5,2,963,25,938,0,0
5,4,963,45,761,145,12
5,1,963,25,917,0,21
5,0,963,5,786,155,17
5,5,965,65,750,150,0
5,5,965,65,750,150,0
5,6,965,65,750,150,0
5,6,965,65,750,150,0
5,1,965,25,919,0,21
5,4,965,45,763,145,12
5,1,965,25,919,0,21
5,0,965,5,788,155,17
5,4,966,45,764,145,12
5,4,966,45,764,145,12
5,2,966,25,941,0,0
5,3,966,25,935,0,6
5,4,966,45,764,145,12
5,1,966,25,920,0,21
5,0,966,5,789,155,17
5,4,966,45,764,145,12
5,4,966,45,764,145,12
5,1,966,25,920,0,21
5,0,966,5,789,155,17
5,0,967,5,790,155,17
5,0,967,5,790,155,17
5,2,968,25,943,0,0
5,1,968,25,922,0,21
5,0,968,5,791,155,17
5,0,968,5,791,155,17
5,0,968,5,791,155,17
5,4,968,45,766,145,12
5,1,968,25,922,0,21
5,0,968,5,791,155,17
5,2,968,25,943,0,0
5,5,970,65,755,150,0
5,5,970,65,755,150,0
5,6,970,65,755,150,0
5,6,970,65,755,150,0
5,4,970,45,768,145,12
5,1,970,25,924,0,21
5,0,970,5,793,155,17
5,2,970,25,945,0,0
5,4,970,45,768,145,12
5,4,970,45,768,145,12
5,1,970,25,924,0,21
5,0,970,5,793,155,17
5,1,970,25,924,0,21
5,3,970,25,939,0,6
5,1,970,25,924,0,21
5,0,970,5,793,155,17
5,4,971,45,769,145,12
5,4,971,45,769,145,12
5,2,971,25,946,0,0
5,3,971,25,940,0,6
5,4,971,45,769,145,12
5,4,971,45,769,145,12
5,0,971,5,794,155,17
5,1,971,25,925,0,21
5,1,971,25,925,0,21
5,4,971,45,769,145,12
5,0,971,5,794,155,17
5,0,972,5,795,155,17
5,0,972,5,795,155,17
5,1,973,25,927,0,21
5,0,973,5,796,155,17
5,0,973,5,796,155,17
5,3,973,25,942,0,6
5,0,973,5,796,155,17
5,4,973,45,771,145,12
5,1,973,25,927,0,21
5,0,973,5,796,155,17
5,3,973,25,942,0,6
5,5,975,65,760,150,0
5,5,975,65,760,150,0
5,6,975,65,760,150,0
5,6,975,65,760,150,0
5,3,975,25,944,0,6
5,1,975,25,929,0,21
5,0,975,5,798,155,17
5,2,975,25,950,0,0
5,4,975,45,773,145,12
5,4,975,45,773,145,12
5,1,975,25,929,0,21
5,0,975,5,798,155,17
5,1,975,25,929,0,21
5,4,975,45,773,145,12
5,1,975,25,929,0,21
5,0,975,5,798,155,17
5,4,976,45,774,145,12
5,4,976,45,774,145,12
5,2,976,25,951,0,0
5,3,976,25,945,0,6
5,4,976,45,774,145,12
5,4,976,45,774,145,12
5,0,976,5,799,155,17
5,1,976,25,930,0,21
5,1,976,25,930,0,21
5,4,976,45,774,145,12
5,0,976,5,799,155,17
5,0,977,5,800,155,17
5,0,977,5,800,155,17
5,1,978,25,932,0,21
5,0,978,5,801,155,17
5,3,978,25,947,0,6
5,3,978,25,947,0,6
5,4,978,45,774,147,12
5,0,978,5,801,155,17
5,0,978,5,801,155,17
5,1,978,25,932,0,21
5,0,978,5,801,155,17
5,5,980,65,765,150,0
5,5,980,65,765,150,0
5,6,980,65,765,150,0
5,6,980,65,765,150,0
5,4,980,45,774,149,12
5,3,980,25,949,0,6
5,4,980,45,774,149,12
5,1,980,25,934,0,21
5,1,980,25,934,0,21
5,0,980,5,803,155,17
5,1,980,25,934,0,21
5,0,980,5,803,155,17
5,4,980,45,774,149,12
5,2,980,25,955,0,0
5,1,980,25,934,0,21
5,0,980,5,803,155,17
5,4,981,45,774,150,12
5,4,981,45,774,150,12
5,0,982,5,805,155,17
5,0,982,5,805,155,17
5,5,985,65,770,150,0
5,5,985,65,770,150,0
5,6,985,65,770,150,0
5,6,985,65,770,150,0
5,2,985,25,960,0,0
5,4,985,45,778,150,12
5,4,985,45,778,150,12
5,1,985,25,939,0,21
5,0,985,5,805,158,17
5,1,985,25,939,0,21
5,3,985,25,954,0,6
5,0,985,5,805,158,17
5,4,986,45,779,150,12
5,4,986,45,779,150,12
5,0,986,5,805,159,17
5,0,986,5,805,159,17
5,0,986,5,805,159,17
5,1,986,25,940,0,21
5,4,986,45,779,150,12
5,3,986,25,955,0,6
5,1,986,25,940,0,21
5,0,986,5,805,159,17
5,2,986,25,961,0,0
5,4,986,45,779,150,12
5,4,986,45,779,150,12
5,1,986,25,940,0,21
5,0,986,5,805,159,17
5,0,987,5,805,160,17
5,0,987,5,805,160,17
5,1,988,25,942,0,21
5,4,988,45,781,150,12
5,1,988,25,942,0,21
5,0,988,5,806,160,17
5,2,988,25,963,0,0
5,4,988,45,781,150,12
5,2,988,25,963,0,0
5,1,988,25,942,0,21
5,0,988,5,806,160,17
5,5,990,65,775,150,0
5,5,990,65,775,150,0
5,6,990,65,775,150,0
5,6,990,65,775,150,0
5,2,990,25,965,0,0
5,3,990,25,959,0,6
5,4,990,45,783,150,12
5,1,990,25,944,0,21
5,0,990,5,808,160,17
5,4,990,45,783,150,12
5,1,990,25,944,0,21
5,0,990,5,808,160,17
5,4,991,45,784,150,12
5,4,991,45,784,150,12
5,2,991,25,966,0,0
5,3,991,25,960,0,6
5,4,991,45,784,150,12
5,4,991,45,784,150,12
5,1,991,25,945,0,21
5,0,991,5,809,160,17
5,4,991,45,784,150,12
5,1,991,25,945,0,21
5,0,991,5,809,160,17
5,0,992,5,810,160,17
5,0,992,5,810,160,17
5,2,993,25,968,0,0
5,0,993,5,811,160,17
5,0,993,5,811,160,17
5,1,993,25,947,0,21
5,0,993,5,811,160,17
5,2,993,25,968,0,0
5,4,993,45,786,150,12
5,1,993,25,947,0,21
5,0,993,5,811,160,17
5,5,995,65,775,155,0
5,5,995,65,775,155,0
5,6,995,65,775,155,0
5,6,995,65,775,155,0
5,1,995,25,949,0,21
5,4,995,45,788,150,12
5,1,995,25,949,0,21
5,0,995,5,813,160,17
5,4,996,45,789,150,12
5,4,996,45,789,150,12
5,2,996,25,971,0,0
5,3,996,25,965,0,6
5,4,996,45,789,150,12
5,4,996,45,789,150,12
5,0,996,5,814,160,17
5,1,996,25,950,0,21
5,1,996,25,950,0,21
5,4,996,45,789,150,12
5,0,996,5,814,160,17
5,0,997,5,815,160,17
5,0,997,5,815,160,17
5,1,998,25,952,0,21
5,0,998,5,816,160,17
5,0,998,5,816,160,17
5,3,998,25,967,0,6
5,0,998,5,816,160,17
5,4,998,45,791,150,12
5,1,998,25,952,0,21
5,0,998,5,816,160,17
5,3,998,25,967,0,6
5,5,1000,65,780,155,0
5,5,1000,65,780,155,0
5,6,1000,65,780,155,0
5,6,1000,65,780,155,0
5,3,1000,25,969,0,6
5,4,1000,45,793,150,12
5,1,1000,25,954,0,21
5,4,1000,45,793,150,12
5,1,1000,25,954,0,21
5,4,1000,45,793,150,12
5,0,1000,5,818,160,17
5,1,1000,25,954,0,21
5,0,1000,5,818,160,17
5,1,1000,25,954,0,21
5,0,1000,5,818,160,17
5,2,1000,25,975,0,0
5,0,1000,5,818,160,17
5,1,1000,25,954,0,21
5,2,1000,25,975,0,0
5,3,1000,25,969,0,6
5,4,1000,45,793,150,12
5,5,1000,65,780,155,0
5,6,1000,65,780,155,0
